29
32
14
6
2
13
5
36
44
45
11
18
16
29
40
22
7
19
33
25
13
31
4
26
23
35
46
2
24
38
42
32
28
49
37
47
14
3
10
9
49
34
39
36
4
4
4
4
4
4
4
4
4
4
4
4
39
5
4
4
4
4
21
4
4
4
22
4
22
22
22
22
22
22
22
22
22
22
48
22
22
22
22
22
22
22
22
22
22
31
21
5
31
31
31
31
31
5
5
5
31
5
31
31
31
5
5
5
31
5
31
31
10
31
10
10
10
10
10
10
10
10
10
10
10
10
10
10
10
10
10
10
10
10
10
5
10
5
5
5
5
5
5
1
5
5
5
9
1
36
1
5
1
5
5
5
5
5
18
12
18
18
34
18
18
9
18
18
18
18
18
18
34
18
34
34
34
34
34
34
18
12
18
12
12
12
12
12
44
12
16
12
12
12
12
12
12
12
12
44
44
44
12
44
7
12
7
7
7
44
7
11
7
7
47
11
11
43
7
43
7
7
47
7
7
7
7
23
7
23
23
23
23
23
23
23
23
23
23
23
28
23
23
23
23
23
23
23
23
23
11
23
11
11
11
11
11
11
11
11
11
11
43
11
11
11
11
11
11
43
43
11
11
6
1
6
6
6
33
6
6
33
6
33
10
6
33
6
33
6
6
6
33
33
6
33
16
6
16
16
16
16
16
16
17
16
16
16
16
16
16
16
16
16
16
16
16
16
5
16
5
5
5
5
5
3
5
5
5
5
3
3
5
3
5
3
3
3
5
5
3
5
29
5
29
29
29
29
29
29
29
29
29
29
29
29
29
29
23
29
29
29
29
29
29
45
8
45
17
45
17
45
12
17
17
45
45
8
45
8
45
15
16
15
12
8
12
12
13
12
13
4
27
13
8
29
13
8
16
13
27
8
13
8
13
13
8
27
13
27
27
4
34
21
21
20
15
21
21
21
20
21
20
4
20
4
9
4
9
9
9
9
9
9
9
9
9
9
9
9
9
9
9
9
9
9
9
9
22
9
21
22
21
21
21
21
22
21
22
22
22
21
25
22
24
25
21
25
21
21
25
21
21
25
25
25
21
25
21
25
25
25
25
21
10
25
10
10
10
10
10
10
10
10
10
10
12
10
10
10
10
1
10
2
2
1
2
2
1
2
2
2
1
1
1
1
1
2
1
1
1
18
1
18
18
18
18
18
18
18
6
18
18
18
18
12
18
12
12
12
12
12
12
12
12
19
12
12
12
12
19
12
7
7
7
7
7
7
7
7
7
7
7
7
8
7
7
7
7
7
1
7
1
1
1
1
1
1
1
1
1
1
11
1
1
11
1
1
6
1
9
6
6
6
6
6
6
6
6
6
9
6
6
6
6
6
6
17
6
17
17
17
17
17
17
17
17
17
17
17
17
17
3
17
17
17
17
17
3
17
3
3
3
3
3
3
3
3
3
3
3
3
3
3
3
3
3
15
3
15
15
15
15
17
15
15
15
15
15
15
15
17
15
15
15
13
15
13
13
13
13
13
13
13
14
13
13
13
13
13
13
13
13
24
13
24
24
24
24
24
24
24
24
24
24
24
24
24
24
24
24
24
24
24
24
4
24
4
12
4
4
4
9
4
9
9
9
9
9
9
9
9
9
9
9
40
40
40
40
40
40
40
40
40
40
40
40
40
40
40
40
40
40
40
40
40
22
40
22
22
22
23
10
10
10
10
1
10
1
1
1
1
18
1
18
18
18
18
18
18
18
12
18
19
17
19
19
12
12
17
42
42
42
42
42
42
42
42
42
42
42
42
42
42
42
42
42
42
42
42
42
7
42
7
47
7
7
23
7
23
23
23
23
23
23
23
23
23
23
23
23
11
11
11
9
11
9
11
11
11
11
11
11
6
11
23
6
23
33
17
17
17
17
17
17
17
17
17
17
17
17
15
17
15
17
15
15
15
13
15
22
13
13
4
14
4
39
4
4
4
4
4
4
4
40
4
40
41
40
40
40
41
40
40
40
40
40
40
40
40
29
40
26
40
26
26
26
26
26
26
26
26
26
26
26
26
26
26
26
26
26
26
26
26
26
22
26
22
48
48
22
48
48
48
25
25
25
29
25
25
25
25
25
25
25
25
25
25
25
25
25
25
25
25
25
31
31
31
31
31
31
31
31
31
31
31
31
31
31
34
34
34
34
34
34
34
34
34
44
34
48
44
26
48
44
44
43
44
47
30
47
43
47
47
47
43
30
44
47
47
47
47
43
47
11
43
43
43
43
43
43
43
43
43
44
43
11
33
33
33
33
33
33
33
33
33
33
16
24
16
16
16
16
16
16
16
16
16
16
16
16
16
16
16
16
16
29
29
29
29
29
29
29
29
29
45
45
45
45
45
45
45
40
45
45
45
45
45
27
15
27
27
27
27
27
27
27
27
27
27
26
27
16
27
44
19
44
44
44
44
44
44
44
44
44
44
44
44
44
44
44
44
44
44
44
44
44
20
44
20
20
21
20
20
20
20
20
20
20
20
21
20
21
21
21
21
21
21
21
21
21
21
2
21
2
2
2
2
2
2
2
2
2
2
2
18
18
18
18
20
20
20
20
20
18
18
18
18
19
20
19
19
19
19
19
19
19
19
19
19
19
19
19
19
19
19
8
19
0
8
8
8
0
15
0
8
8
8
8
0
8
1
3
3
1
1
3
1
1
1
1
1
6
6
8
8
6
6
6
6
6
8
8
15
8
6
6
3
6
0
3
3
3
0
0
3
3
3
3
0
3
8
3
8
8
8
8
8
8
8
8
8
8
8
8
8
29
8
8
8
8
15
8
15
15
15
15
15
15
15
15
15
15
13
15
13
2
13
13
14
13
13
13
14
20
20
20
20
20
20
20
20
20
21
20
14
21
14
14
14
21
14
21
14
14
21
21
0
0
0
0
0
0
0
0
0
0
0
0
0
31
0
0
2
31
2
0
2
2
2
2
2
2
2
2
20
2
20
20
20
20
20
20
20
20
20
20
19
19
19
19
19
19
19
19
19
19
19
0
19
0
0
0
0
0
0
19
0
0
0
0
0
0
3
0
0
0
0
0
0
3
0
15
15
15
15
14
14
14
15
14
14
20
14
20
14
14
14
14
14
14
14
14
14
14
14
14
14
14
14
14
14
14
14
14
14
14
14
24
14
24
24
24
24
24
24
24
24
24
24
24
24
24
39
24
39
43
39
39
39
41
39
39
39
39
39
39
39
39
39
47
39
47
47
47
47
46
47
47
47
47
47
47
47
47
47
47
47
47
47
46
47
46
46
47
40
46
25
41
40
40
26
41
41
41
40
40
41
48
26
40
26
26
26
26
26
26
26
26
26
26
26
26
48
26
48
48
48
48
48
48
48
48
48
48
48
25
25
25
25
25
25
25
25
25
25
25
26
25
31
31
31
31
31
31
31
31
31
36
31
36
36
36
36
36
36
36
36
36
36
36
36
36
2
36
36
36
36
36
36
36
36
36
36
36
36
36
36
36
36
36
36
35
35
35
36
35
36
36
35
36
36
36
36
35
36
36
34
36
30
32
34
34
18
18
44
44
46
19
19
44
44
44
44
44
44
44
46
42
42
42
42
42
42
42
42
42
42
42
42
42
42
42
42
42
42
42
42
42
42
47
41
30
41
47
30
48
7
7
47
47
47
39
39
39
39
39
39
39
39
39
39
39
39
39
39
39
39
39
39
39
39
39
39
39
39
43
39
43
11
43
43
11
43
43
43
11
43
33
43
33
33
33
33
33
33
33
33
35
35
35
35
35
35
35
35
35
35
35
35
35
35
35
35
35
35
35
35
35
35
35
35
32
35
32
32
32
32
32
32
32
32
32
32
32
32
32
32
32
32
32
32
32
32
32
32
32
37
32
37
37
37
37
37
37
37
37
37
37
37
37
37
37
37
37
37
37
37
37
37
37
37
49
37
49
49
49
49
49
49
49
49
49
47
49
48
49
47
49
49
49
49
49
49
49
49
49
29
49
29
30
30
30
29
30
30
30
45
29
45
45
45
45
45
45
45
45
43
45
45
45
45
45
45
45
27
45
27
27
27
27
27
27
27
27
34
27
34
34
34
34
34
34
34
34
34
34
34
34
34
34
34
34
34
34
34
34
34
34
34
39
39
39
38
41
39
43
41
43
41
46
46
46
46
46
46
46
46
46
28
28
28
28
28
28
28
28
28
28
28
28
28
28
28
28
28
28
28
28
28
28
28
28
49
28
49
49
49
49
49
49
49
49
49
49
49
49
49
49
49
49
49
49
49
49
49
49
49
41
49
41
41
41
41
41
41
41
41
41
41
41
41
41
41
48
48
48
48
48
48
48
48
48
48
48
48
22
48
48
31
31
31
31
31
31
31
31
46
46
46
46
46
46
46
46
46
46
46
46
46
46
46
46
46
46
46
46
46
46
46
46
36
46
2
37
2
37
37
2
37
37
2
2
48
48
30
36
18
30
30
30
30
30
30
30
28
30
30
32
30
30
30
30
30
46
19
19
19
46
30
30
46
19
30
46
48
46
46
32
42
44
41
41
42
41
41
41
41
41
41
41
41
41
47
47
47
30
47
41
47
41
30
41
41
41
41
47
28
47
23
23
28
28
28
28
28
23
28
28
28
28
28
28
23
28
28
28
28
43
11
11
43
43
43
43
43
43
11
33
43
33
33
33
33
33
33
33
35
33
33
33
33
33
33
35
35
35
35
35
35
35
35
32
35
32
32
32
32
32
32
32
32
32
32
37
32
37
37
37
37
37
37
37
37
37
37
30
37
30
30
30
30
30
30
30
30
30
30
30
45
30
45
45
45
45
48
45
45
45
48
27
27
27
27
27
27
27
27
27
27
27
27
38
38
24
24
38
38
38
38
24
38
24
38
38
38
38
38
32
38
38
38
38
38
38
38
38
38
38
43
38
38
38
38
38
38
38
38
38
38
38
38
38
38
38
38
38
38
38
38
38
38
21
21
0
0
47
12
24
4
44
45
24
38
48
41
29
0
37
22
9
8
8
10
13
47
27
48
49
10
16
31
5
7
21
20
1
9
13
26
21
48
36
43
27
29
12
5
12
24
49
2
27
16
40
17
42
0
22
19
28
13
40
34
2
32
4
15
4
32
9
40
4
24
14
9
35
12
8
38
3
4
2
37
33
12
19
19
42
35
29
13
41
4
2
48
45
33
22
41
29
5
40
17
37
6
3
46
7
43
27
28
29
21
16
19
28
19
9
47
32
16
48
23
16
33
19
43
7
32
23
16
15
48
27
13
20
32
35
12
4
20
36
12
7
3
5
26
29
27
43
7
33
33
22
42
45
6
23
48
12
41
26
9
2
33
33
44
13
43
14
30
24
14
24
29
27
22
35
39
2
46
7
15
30
11
43
22
19
7
25
14
13
22
22
20
30
27
17
22
2
35
42
28
7
8
28
11
43
35
25
26
45
10
36
2
4
8
2
31
22
43
14
25
2
4
11
14
15
10
27
29
22
18
13
29
37
13
35
24
45
11
25
34
13
22
48
38
5
26
36
26
18
29
32
21
30
7
40
39
46
6
27
32
2
3
43
37
27
13
34
8
23
22
38
32
12
9
10
13
7
38
33
40
13
34