t # 0 48
v 0 3
v 1 3
v 2 3
v 3 3
v 4 3
v 5 3
v 6 3
v 7 3
v 8 2
v 9 3
v 10 3
v 11 3
v 12 3
v 13 3
v 14 3
v 15 3
v 16 3
v 17 3
v 18 3
v 19 3
v 20 3
v 21 3
v 22 3
v 23 3
v 24 2
v 25 3
v 26 3
v 27 3
v 28 3
v 29 3
v 30 3
v 31 3
v 32 3
v 33 2
v 34 3
v 35 3
v 36 3
v 37 3
v 38 3
v 39 3
v 40 3
v 41 3
v 42 3
v 43 3
v 44 4
v 45 4
v 46 4
v 47 4
e 9 8 3
e 10 8 3
e 11 8 3
e 12 8 3
e 13 8 3
e 14 8 3
e 15 8 3
e 16 8 3
e 17 8 3
e 18 8 3
e 19 8 3
e 20 8 3
e 21 8 3
e 22 8 3
e 23 8 4
e 2 24 3
e 25 24 3
e 26 24 3
e 27 24 3
e 3 24 3
e 1 24 3
e 28 24 3
e 29 24 3
e 30 24 3
e 0 24 3
e 31 24 3
e 32 24 3
e 7 33 3
e 34 33 3
e 35 33 3
e 36 33 3
e 37 33 3
e 38 33 3
e 5 33 3
e 4 33 3
e 6 33 3
e 39 33 3
e 40 33 3
e 41 33 3
e 42 33 3
e 43 33 3
e 0 44 7
e 6 45 7
e 6 45 7
e 38 45 7
e 38 47 7
e 41 44 7
e 2 44 6
e 1 44 6
e 0 44 6
e 27 44 6
e 29 44 6
e 3 44 6
e 25 44 6
e 28 44 6
e 7 45 6
e 36 45 6
e 34 45 6
e 35 45 6
e 40 45 6
e 38 45 6
e 4 45 6
e 5 45 6
e 6 45 6
e 39 45 6
e 42 45 6
e 2 46 6
e 1 46 6
e 0 46 6
e 25 46 6
e 27 46 6
e 29 46 6
e 3 46 6
e 28 46 6
e 7 47 6
e 36 47 6
e 40 47 6
e 34 47 6
e 37 47 6
e 41 47 6
e 5 47 6
e 4 47 6
e 38 47 6
e 6 47 6
e 39 47 6
e 7 44 6
e 36 44 6
e 34 44 6
e 35 44 6
e 40 44 6
e 5 44 6
e 4 44 6
e 38 44 6
e 37 44 6
e 39 44 6
e 6 44 6
e 9 45 6
e 11 45 6
e 17 45 6
e 10 45 6
e 19 45 6
e 20 45 6
e 13 45 6
e 15 45 6
e 16 45 6
e 18 45 6
e 9 46 6
e 21 46 6
e 20 46 6
e 19 46 6
e 11 46 6
e 14 46 6
e 13 46 6
e 15 46 6
e 17 46 6
e 18 46 6
e 31 44 6
e 41 45 6
e 43 45 6
e 31 46 6
e 30 46 6
e 43 47 6
e 41 44 6
e 42 44 6
e 21 45 6
e 14 45 6
e 12 46 6
e 16 46 6

t # 1 48
v 0 3
v 1 3
v 2 3
v 3 3
v 4 3
v 5 2
v 6 3
v 7 3
v 8 3
v 9 3
v 10 3
v 11 3
v 12 3
v 13 3
v 14 3
v 15 3
v 16 3
v 17 2
v 18 3
v 19 3
v 20 3
v 21 3
v 22 3
v 23 3
v 24 3
v 25 3
v 26 3
v 27 3
v 28 3
v 29 3
v 30 3
v 31 3
v 32 3
v 33 2
v 34 3
v 35 3
v 36 3
v 37 3
v 38 3
v 39 2
v 40 3
v 41 3
v 42 3
v 43 3
v 44 3
v 45 3
v 46 3
v 47 4
e 6 5 3
e 2 5 3
e 7 5 3
e 8 5 3
e 9 5 3
e 10 5 3
e 11 5 3
e 12 5 3
e 13 5 3
e 14 5 3
e 15 5 4
e 16 5 4
e 18 17 3
e 19 17 3
e 20 17 3
e 21 17 3
e 22 17 3
e 23 17 3
e 24 17 3
e 25 17 3
e 26 17 3
e 27 17 3
e 28 17 3
e 29 17 3
e 30 17 3
e 31 17 3
e 32 17 4
e 34 33 3
e 13 33 3
e 9 33 3
e 2 33 3
e 8 33 3
e 1 33 3
e 35 33 3
e 0 33 3
e 36 33 3
e 3 33 3
e 37 33 3
e 38 33 4
e 31 39 3
e 21 39 3
e 25 39 3
e 23 39 3
e 30 39 3
e 26 39 3
e 40 39 3
e 41 39 3
e 22 39 3
e 42 39 3
e 43 39 3
e 24 39 3
e 44 39 3
e 45 39 3
e 46 39 3
e 4 39 4
e 8 47 7
e 7 47 6
e 8 47 6
e 9 47 6
e 18 47 6
e 20 47 6
e 22 47 6
e 23 47 6
e 24 47 6
e 25 47 6
e 30 47 6
e 2 47 6
e 10 47 6
e 26 47 6
e 29 47 6
e 28 47 6

t # 2 51
v 0 0
v 1 1
v 2 3
v 3 3
v 4 3
v 5 3
v 6 3
v 7 3
v 8 3
v 9 3
v 10 2
v 11 3
v 12 3
v 13 3
v 14 3
v 15 3
v 16 3
v 17 3
v 18 3
v 19 3
v 20 3
v 21 3
v 22 3
v 23 3
v 24 2
v 25 3
v 26 3
v 27 3
v 28 3
v 29 3
v 30 3
v 31 3
v 32 3
v 33 3
v 34 3
v 35 3
v 36 3
v 37 3
v 38 3
v 39 3
v 40 4
v 41 4
v 42 4
v 43 4
v 44 4
v 45 4
v 46 4
v 47 4
v 48 4
v 49 4
v 50 4
e 1 0 0
e 1 10 1
e 10 0 2
e 11 10 3
e 2 10 3
e 3 10 3
e 12 10 3
e 13 10 3
e 14 10 3
e 15 10 3
e 16 10 3
e 6 10 3
e 7 10 3
e 17 10 3
e 8 10 3
e 18 10 3
e 4 10 3
e 19 10 3
e 20 10 3
e 5 10 3
e 21 10 3
e 9 10 3
e 1 24 1
e 11 24 3
e 25 24 3
e 26 24 3
e 27 24 3
e 13 24 3
e 16 24 3
e 28 24 3
e 14 24 3
e 6 24 3
e 7 24 3
e 17 24 3
e 8 24 3
e 18 24 3
e 29 24 3
e 15 24 3
e 30 24 3
e 31 24 3
e 32 24 3
e 33 24 4
e 42 0 5
e 45 0 5
e 46 0 5
e 47 0 5
e 49 0 5
e 50 0 5
e 1 40 6
e 1 42 6
e 1 43 6
e 1 44 6
e 1 45 6
e 1 48 6
e 1 50 6
e 1 41 6
e 1 46 6
e 1 47 6
e 1 49 6
e 6 40 7
e 15 40 7
e 26 43 7
e 7 43 7
e 7 43 7
e 17 43 7
e 13 44 7
e 7 44 7
e 28 44 7
e 7 44 7
e 13 45 7
e 19 45 7
e 19 45 7
e 7 45 7
e 6 48 7
e 6 48 7
e 6 48 7
e 5 48 7
e 19 50 7
e 6 50 7
e 15 50 7
e 6 41 7
e 7 41 7
e 7 41 7
e 3 41 7
e 6 41 7
e 17 46 7
e 2 49 7
e 15 49 7
e 6 49 7
e 11 40 6
e 13 40 6
e 14 40 6
e 26 40 6
e 8 40 6
e 6 40 6
e 7 40 6
e 27 40 6
e 17 40 6
e 28 40 6
e 18 40 6
e 9 42 6
e 3 42 6
e 8 42 6
e 18 42 6
e 4 42 6
e 2 42 6
e 7 42 6
e 6 42 6
e 5 42 6
e 17 42 6
e 19 42 6
e 11 43 6
e 13 43 6
e 14 43 6
e 26 43 6
e 8 43 6
e 7 43 6
e 6 43 6
e 27 43 6
e 28 43 6
e 18 43 6
e 17 43 6
e 11 44 6
e 13 44 6
e 14 44 6
e 26 44 6
e 8 44 6
e 27 44 6
e 6 44 6
e 7 44 6
e 28 44 6
e 18 44 6
e 17 44 6
e 11 45 6
e 2 45 6
e 3 45 6
e 13 45 6
e 4 45 6
e 20 45 6
e 7 45 6
e 5 45 6
e 19 45 6
e 6 45 6
e 16 45 6
e 9 48 6
e 2 48 6
e 3 48 6
e 5 48 6
e 6 48 6
e 7 48 6
e 8 48 6
e 9 50 6
e 13 50 6
e 3 50 6
e 8 50 6
e 4 50 6
e 2 50 6
e 7 50 6
e 6 50 6
e 5 50 6
e 15 50 6
e 19 50 6
e 2 41 6
e 3 41 6
e 5 41 6
e 6 41 6
e 7 41 6
e 8 41 6
e 9 41 6
e 23 44 6
e 9 46 6
e 2 46 6
e 3 46 6
e 13 46 6
e 4 46 6
e 8 46 6
e 17 46 6
e 5 46 6
e 6 46 6
e 7 46 6
e 19 46 6
e 9 47 6
e 8 47 6
e 2 47 6
e 13 47 6
e 3 47 6
e 6 47 6
e 7 47 6
e 19 47 6
e 5 47 6
e 17 47 6
e 4 47 6
e 11 49 6
e 13 49 6
e 3 49 6
e 18 49 6
e 8 49 6
e 2 49 6
e 17 49 6
e 20 49 6
e 5 49 6
e 19 49 6
e 6 49 6
e 29 40 6
e 15 40 6
e 15 42 6
e 20 42 6
e 16 43 6
e 31 43 6
e 16 44 6
e 15 44 6
e 15 45 6
e 8 45 6
e 4 48 6
e 22 49 6
e 16 50 6
e 15 46 6
e 16 46 6
e 20 46 6
e 20 47 6
e 15 49 6
e 7 49 6
e 16 49 6
e 27 1 8
e 29 1 8
e 14 1 8
e 32 1 8
e 16 1 8
e 28 1 8
e 18 1 8
e 13 1 8
e 7 1 8
e 8 1 8
e 11 1 8
e 17 1 8
e 25 1 8
e 26 1 8
e 15 1 8
e 6 1 8
e 31 1 8
e 30 1 8
e 5 1 8
e 9 1 8
e 3 1 8
e 4 1 8
e 2 1 8
e 39 1 8
e 37 1 8
e 38 1 8
e 35 1 8
e 36 1 8
e 21 1 8
e 12 1 8
e 20 1 8
e 19 1 8
e 34 1 8

t # 3 48
v 0 1
v 1 3
v 2 3
v 3 3
v 4 3
v 5 3
v 6 3
v 7 3
v 8 3
v 9 3
v 10 2
v 11 3
v 12 3
v 13 3
v 14 3
v 15 3
v 16 3
v 17 3
v 18 3
v 19 3
v 20 3
v 21 3
v 22 3
v 23 3
v 24 3
v 25 3
v 26 3
v 27 3
v 28 3
v 29 3
v 30 3
v 31 3
v 32 2
v 33 3
v 34 3
v 35 3
v 36 3
v 37 3
v 38 3
v 39 3
v 40 3
v 41 3
v 42 3
v 43 3
v 44 4
v 45 4
v 46 4
v 47 4
e 0 10 1
e 11 10 3
e 12 10 3
e 13 10 3
e 14 10 3
e 15 10 3
e 16 10 3
e 1 10 3
e 17 10 3
e 18 10 3
e 19 10 3
e 2 10 3
e 20 10 3
e 21 10 3
e 22 10 3
e 23 10 3
e 24 10 3
e 25 10 3
e 26 10 3
e 27 10 3
e 28 10 4
e 0 32 1
e 11 32 3
e 1 32 3
e 33 32 3
e 14 32 3
e 34 32 3
e 35 32 3
e 36 32 3
e 19 32 3
e 37 32 3
e 38 32 3
e 39 32 3
e 13 32 3
e 40 32 3
e 16 32 3
e 18 32 3
e 41 32 4
e 0 44 6
e 0 45 6
e 0 46 6
e 0 47 6
e 19 44 7
e 19 44 7
e 37 44 7
e 26 46 7
e 19 47 7
e 11 44 6
e 33 44 6
e 14 44 6
e 34 44 6
e 35 44 6
e 36 44 6
e 19 44 6
e 38 44 6
e 9 46 6
e 30 44 6
e 31 44 6
e 29 44 6
e 14 45 6
e 16 45 6
e 17 45 6
e 18 45 6
e 19 45 6
e 22 45 6
e 24 45 6
e 26 45 6
e 11 45 6
e 12 45 6
e 11 46 6
e 14 46 6
e 15 46 6
e 16 46 6
e 1 46 6
e 17 46 6
e 18 46 6
e 19 46 6
e 2 46 6
e 20 46 6
e 11 47 6
e 33 47 6
e 14 47 6
e 34 47 6
e 1 47 6
e 36 47 6
e 38 47 6
e 16 47 6
e 37 44 6
e 39 44 6
e 16 44 6
e 20 45 6
e 2 45 6
e 1 45 6
e 12 46 6
e 26 46 6
e 22 46 6
e 19 47 6
e 35 47 6
e 39 47 6
e 43 0 8
e 17 0 8
e 34 0 8
e 42 0 8
e 19 0 8
e 18 0 8
e 13 0 8
e 16 0 8
e 38 0 8
e 40 0 8
e 39 0 8
e 37 0 8
e 1 0 8
e 11 0 8
e 36 0 8
e 14 0 8
e 35 0 8
e 33 0 8
e 8 0 8
e 5 0 8
e 4 0 8
e 3 0 8
e 6 0 8
e 2 0 8
e 7 0 8
e 12 0 8
e 20 0 8
e 27 0 8
e 15 0 8
e 26 0 8
e 21 0 8
e 24 0 8
e 25 0 8
e 23 0 8
e 22 0 8

t # 4 51
v 0 1
v 1 2
v 2 3
v 3 3
v 4 3
v 5 3
v 6 3
v 7 3
v 8 3
v 9 3
v 10 3
v 11 3
v 12 3
v 13 3
v 14 3
v 15 3
v 16 3
v 17 3
v 18 3
v 19 3
v 20 3
v 21 3
v 22 2
v 23 3
v 24 3
v 25 3
v 26 2
v 27 3
v 28 3
v 29 3
v 30 3
v 31 3
v 32 2
v 33 3
v 34 3
v 35 3
v 36 3
v 37 3
v 38 3
v 39 3
v 40 3
v 41 3
v 42 4
v 43 4
v 44 4
v 45 4
v 46 4
v 47 4
v 48 4
v 49 4
v 50 4
e 0 1 1
e 2 1 3
e 3 1 3
e 4 1 3
e 5 1 3
e 6 1 3
e 7 1 3
e 8 1 3
e 9 1 3
e 10 1 3
e 11 1 3
e 12 1 3
e 13 1 3
e 14 1 3
e 15 1 3
e 16 1 3
e 17 1 3
e 18 1 3
e 19 1 3
e 20 1 4
e 0 22 1
e 5 22 3
e 10 22 3
e 9 22 3
e 14 22 3
e 2 22 3
e 13 22 3
e 23 22 3
e 24 22 3
e 25 22 4
e 0 26 1
e 2 26 3
e 15 26 3
e 5 26 3
e 6 26 3
e 17 26 3
e 9 26 3
e 27 26 3
e 11 26 3
e 12 26 3
e 28 26 3
e 7 26 3
e 29 26 3
e 10 26 3
e 14 26 3
e 8 26 3
e 23 26 3
e 30 26 3
e 31 26 4
e 0 32 1
e 2 32 3
e 33 32 3
e 16 32 3
e 4 32 3
e 6 32 3
e 7 32 3
e 18 32 3
e 9 32 3
e 11 32 3
e 12 32 3
e 34 32 3
e 35 32 3
e 36 32 3
e 3 32 3
e 37 32 3
e 38 32 3
e 13 32 3
e 39 32 3
e 40 32 3
e 41 32 4
e 0 42 6
e 0 43 6
e 0 45 6
e 0 47 6
e 0 48 6
e 0 50 6
e 0 44 6
e 0 46 6
e 0 49 6
e 11 42 7
e 14 42 7
e 14 42 7
e 11 43 7
e 7 43 7
e 11 43 7
e 9 45 7
e 11 45 7
e 12 45 7
e 11 47 7
e 12 47 7
e 12 47 7
e 11 47 7
e 11 48 7
e 11 48 7
e 7 50 7
e 34 44 7
e 12 44 7
e 12 44 7
e 11 46 7
e 12 46 7
e 11 46 7
e 8 49 7
e 7 49 7
e 11 49 7
e 14 49 7
e 11 46 7
e 2 42 6
e 15 42 6
e 5 42 6
e 6 42 6
e 9 42 6
e 11 42 6
e 7 42 6
e 10 42 6
e 14 42 6
e 8 42 6
e 2 43 6
e 33 43 6
e 16 43 6
e 4 43 6
e 7 43 6
e 18 43 6
e 9 43 6
e 11 43 6
e 12 43 6
e 34 43 6
e 35 43 6
e 2 45 6
e 3 45 6
e 4 45 6
e 5 45 6
e 6 45 6
e 8 45 6
e 9 45 6
e 10 45 6
e 11 45 6
e 12 45 6
e 18 45 6
e 2 47 6
e 3 47 6
e 4 47 6
e 5 47 6
e 6 47 6
e 8 47 6
e 9 47 6
e 10 47 6
e 11 47 6
e 12 47 6
e 18 47 6
e 2 48 6
e 33 48 6
e 16 48 6
e 4 48 6
e 7 48 6
e 18 48 6
e 9 48 6
e 11 48 6
e 12 48 6
e 34 48 6
e 35 48 6
e 2 50 6
e 33 50 6
e 16 50 6
e 4 50 6
e 7 50 6
e 18 50 6
e 9 50 6
e 11 50 6
e 12 50 6
e 34 50 6
e 35 50 6
e 2 44 6
e 33 44 6
e 4 44 6
e 6 44 6
e 7 44 6
e 18 44 6
e 9 44 6
e 11 44 6
e 12 44 6
e 34 44 6
e 35 44 6
e 2 46 6
e 3 46 6
e 4 46 6
e 5 46 6
e 6 46 6
e 8 46 6
e 9 46 6
e 10 46 6
e 11 46 6
e 12 46 6
e 18 46 6
e 2 49 6
e 15 49 6
e 5 49 6
e 6 49 6
e 9 49 6
e 11 49 6
e 7 49 6
e 10 49 6
e 14 49 6
e 8 49 6
e 12 42 6
e 23 42 6
e 36 43 6
e 6 43 6
e 13 43 6
e 15 45 6
e 21 46 6
e 7 47 6
e 14 47 6
e 15 47 6
e 36 48 6
e 6 48 6
e 36 50 6
e 36 44 6
e 38 44 6
e 12 49 6
e 27 49 6
e 23 49 6
e 7 0 8
e 2 0 8
e 18 0 8
e 8 0 8
e 9 0 8
e 10 0 8
e 16 0 8
e 17 0 8
e 12 0 8
e 13 0 8
e 19 0 8
e 15 0 8
e 11 0 8
e 5 0 8
e 4 0 8
e 3 0 8
e 14 0 8
e 6 0 8
e 33 0 8
e 35 0 8
e 39 0 8
e 38 0 8
e 36 0 8
e 40 0 8
e 34 0 8
e 37 0 8
e 28 0 8
e 23 0 8
e 30 0 8
e 29 0 8
e 27 0 8
e 24 0 8

t # 5 48
v 0 0
v 1 3
v 2 3
v 3 3
v 4 3
v 5 3
v 6 3
v 7 3
v 8 3
v 9 3
v 10 3
v 11 2
v 12 3
v 13 3
v 14 3
v 15 3
v 16 3
v 17 3
v 18 3
v 19 3
v 20 3
v 21 3
v 22 3
v 23 3
v 24 3
v 25 3
v 26 3
v 27 2
v 28 3
v 29 3
v 30 3
v 31 3
v 32 3
v 33 3
v 34 3
v 35 3
v 36 3
v 37 3
v 38 3
v 39 3
v 40 3
v 41 3
v 42 3
v 43 4
v 44 4
v 45 4
v 46 4
v 47 4
e 11 0 2
e 12 11 3
e 13 11 3
e 14 11 3
e 15 11 3
e 16 11 3
e 17 11 3
e 18 11 3
e 19 11 3
e 20 11 3
e 21 11 3
e 22 11 3
e 23 11 3
e 24 11 3
e 25 11 3
e 26 11 3
e 27 0 2
e 28 27 3
e 29 27 3
e 30 27 3
e 31 27 3
e 32 27 3
e 33 27 3
e 34 27 3
e 35 27 3
e 36 27 3
e 37 27 3
e 38 27 3
e 39 27 3
e 40 27 3
e 41 27 4
e 42 27 4
e 43 0 5
e 44 0 5
e 45 0 5
e 46 0 5
e 47 0 5
e 14 43 7
e 16 43 7
e 30 46 7
e 33 46 7
e 14 47 7
e 17 47 7
e 36 43 7
e 33 43 7
e 14 43 6
e 15 43 6
e 17 43 6
e 18 43 6
e 19 43 6
e 20 43 6
e 21 43 6
e 23 43 6
e 1 44 6
e 2 45 6
e 4 45 6
e 5 45 6
e 7 45 6
e 8 45 6
e 10 45 6
e 28 46 6
e 29 46 6
e 30 46 6
e 31 46 6
e 32 46 6
e 33 46 6
e 34 46 6
e 36 46 6
e 37 46 6
e 38 46 6
e 12 47 6
e 14 47 6
e 15 47 6
e 17 47 6
e 18 47 6
e 19 47 6
e 20 47 6
e 21 47 6
e 28 43 6
e 29 43 6
e 30 43 6
e 31 43 6
e 32 43 6
e 33 43 6
e 34 43 6
e 35 43 6
e 36 43 6
e 37 43 6
e 38 43 6
e 28 44 6
e 29 44 6
e 30 44 6
e 31 44 6
e 33 44 6
e 34 44 6
e 35 44 6
e 36 44 6
e 38 44 6
e 40 44 6
e 2 46 6
e 4 46 6
e 5 46 6
e 6 46 6
e 7 46 6
e 10 46 6
e 2 47 6
e 4 47 6
e 5 47 6
e 6 47 6
e 7 47 6
e 10 47 6
e 16 43 6
e 24 43 6
e 9 45 6
e 3 45 6
e 35 46 6
e 40 46 6
e 25 47 6
e 22 47 6
e 37 44 6
e 9 46 6
e 8 46 6
e 3 47 6

t # 6 48
v 0 0
v 1 2
v 2 3
v 3 3
v 4 3
v 5 3
v 6 3
v 7 3
v 8 3
v 9 3
v 10 3
v 11 3
v 12 3
v 13 3
v 14 3
v 15 3
v 16 2
v 17 3
v 18 3
v 19 3
v 20 3
v 21 3
v 22 3
v 23 3
v 24 3
v 25 3
v 26 3
v 27 3
v 28 3
v 29 3
v 30 3
v 31 3
v 32 3
v 33 2
v 34 3
v 35 2
v 36 3
v 37 3
v 38 3
v 39 3
v 40 3
v 41 3
v 42 3
v 43 3
v 44 3
v 45 4
v 46 4
v 47 4
e 2 1 3
e 3 1 3
e 4 1 3
e 5 1 3
e 6 1 3
e 7 1 3
e 8 1 3
e 9 1 3
e 10 1 3
e 11 1 3
e 12 1 3
e 13 1 3
e 14 1 4
e 17 16 3
e 18 16 3
e 19 16 3
e 5 16 3
e 20 16 3
e 21 16 3
e 22 16 3
e 23 16 3
e 24 16 3
e 25 16 3
e 9 16 3
e 26 16 3
e 27 16 3
e 28 16 3
e 29 16 3
e 30 16 3
e 31 16 3
e 2 16 3
e 32 16 4
e 33 0 2
e 2 33 3
e 34 33 3
e 5 33 3
e 18 33 3
e 21 33 3
e 3 33 3
e 24 33 3
e 8 33 3
e 7 33 3
e 10 33 3
e 12 33 3
e 29 33 3
e 6 33 3
e 13 33 3
e 14 33 4
e 23 35 3
e 36 35 3
e 24 35 3
e 5 35 3
e 20 35 3
e 21 35 3
e 37 35 3
e 38 35 3
e 39 35 3
e 40 35 3
e 41 35 3
e 27 35 3
e 29 35 3
e 42 35 3
e 43 35 3
e 44 35 4
e 46 0 5
e 47 0 5
e 15 45 7
e 29 45 7
e 10 46 7
e 24 47 7
e 15 45 6
e 18 45 6
e 19 45 6
e 20 45 6
e 21 45 6
e 23 45 6
e 24 45 6
e 25 45 6
e 9 45 6
e 29 45 6
e 5 46 6
e 18 46 6
e 24 46 6
e 7 46 6
e 10 46 6
e 12 46 6
e 29 46 6
e 6 46 6
e 13 46 6
e 5 47 6
e 18 47 6
e 21 47 6
e 24 47 6
e 7 47 6
e 10 47 6
e 12 47 6
e 6 47 6
e 13 47 6
e 5 45 6
e 3 46 6
e 29 47 6
e 3 47 6

t # 7 51
v 0 1
v 1 2
v 2 3
v 3 3
v 4 3
v 5 3
v 6 3
v 7 3
v 8 3
v 9 3
v 10 3
v 11 3
v 12 3
v 13 3
v 14 3
v 15 3
v 16 2
v 17 3
v 18 3
v 19 3
v 20 3
v 21 3
v 22 3
v 23 3
v 24 3
v 25 3
v 26 3
v 27 3
v 28 3
v 29 3
v 30 3
v 31 3
v 32 3
v 33 3
v 34 2
v 35 3
v 36 3
v 37 3
v 38 3
v 39 3
v 40 3
v 41 4
v 42 4
v 43 4
v 44 4
v 45 4
v 46 4
v 47 4
v 48 4
v 49 4
v 50 4
e 0 1 1
e 2 1 3
e 3 1 3
e 4 1 3
e 5 1 3
e 6 1 3
e 7 1 3
e 8 1 3
e 9 1 3
e 10 1 3
e 11 1 3
e 12 1 3
e 13 1 3
e 14 1 3
e 15 1 4
e 0 16 1
e 2 16 3
e 17 16 3
e 18 16 3
e 19 16 3
e 20 16 3
e 21 16 3
e 22 16 3
e 23 16 3
e 24 16 3
e 25 16 3
e 26 16 3
e 27 16 3
e 10 16 3
e 28 16 3
e 7 16 3
e 29 16 3
e 30 16 3
e 31 16 3
e 32 16 3
e 33 16 4
e 0 34 1
e 2 34 3
e 17 34 3
e 3 34 3
e 23 34 3
e 35 34 3
e 21 34 3
e 6 34 3
e 7 34 3
e 29 34 3
e 32 34 3
e 26 34 3
e 30 34 3
e 28 34 3
e 12 34 3
e 4 34 3
e 31 34 3
e 36 34 3
e 37 34 3
e 13 34 3
e 38 34 4
e 0 41 6
e 0 42 6
e 0 43 6
e 0 46 6
e 0 48 6
e 0 49 6
e 0 50 6
e 0 44 6
e 0 45 6
e 0 47 6
e 29 41 7
e 28 41 7
e 21 42 7
e 24 42 7
e 28 42 7
e 10 43 7
e 24 46 7
e 26 46 7
e 21 46 7
e 10 49 7
e 3 49 7
e 24 50 7
e 24 50 7
e 32 50 7
e 21 50 7
e 25 50 7
e 26 50 7
e 7 50 7
e 7 45 7
e 28 45 7
e 28 45 7
e 26 45 7
e 17 45 7
e 31 45 7
e 31 45 7
e 2 41 6
e 17 41 6
e 3 41 6
e 23 41 6
e 7 41 6
e 29 41 6
e 32 41 6
e 26 41 6
e 28 41 6
e 4 41 6
e 13 41 6
e 2 42 6
e 17 42 6
e 19 42 6
e 21 42 6
e 22 42 6
e 23 42 6
e 24 42 6
e 25 42 6
e 28 42 6
e 30 42 6
e 32 42 6
e 2 43 6
e 3 43 6
e 4 43 6
e 7 43 6
e 10 43 6
e 11 43 6
e 12 43 6
e 14 43 6
e 2 46 6
e 17 46 6
e 18 46 6
e 19 46 6
e 21 46 6
e 22 46 6
e 23 46 6
e 24 46 6
e 25 46 6
e 26 46 6
e 32 46 6
e 2 48 6
e 3 48 6
e 4 48 6
e 6 48 6
e 7 48 6
e 10 48 6
e 11 48 6
e 2 49 6
e 3 49 6
e 4 49 6
e 5 49 6
e 6 49 6
e 7 49 6
e 10 49 6
e 14 49 6
e 2 50 6
e 17 50 6
e 18 50 6
e 19 50 6
e 21 50 6
e 23 50 6
e 24 50 6
e 25 50 6
e 26 50 6
e 32 50 6
e 2 44 6
e 17 44 6
e 18 44 6
e 19 44 6
e 20 44 6
e 21 44 6
e 23 44 6
e 25 44 6
e 26 44 6
e 10 44 6
e 7 44 6
e 2 45 6
e 17 45 6
e 3 45 6
e 23 45 6
e 6 45 6
e 7 45 6
e 32 45 6
e 26 45 6
e 28 45 6
e 12 45 6
e 13 45 6
e 2 47 6
e 17 47 6
e 3 47 6
e 23 47 6
e 6 47 6
e 7 47 6
e 32 47 6
e 26 47 6
e 28 47 6
e 12 47 6
e 13 47 6
e 6 41 6
e 21 41 6
e 31 41 6
e 18 42 6
e 7 42 6
e 20 42 6
e 9 43 6
e 7 46 6
e 28 46 6
e 29 46 6
e 13 48 6
e 14 48 6
e 12 48 6
e 11 49 6
e 22 50 6
e 31 50 6
e 7 50 6
e 28 44 6
e 24 44 6
e 31 45 6
e 36 45 6
e 21 45 6
e 29 47 6
e 31 47 6
e 21 47 6
e 10 0 8
e 18 0 8
e 21 0 8
e 30 0 8
e 7 0 8
e 23 0 8
e 26 0 8
e 20 0 8
e 19 0 8
e 29 0 8
e 22 0 8
e 27 0 8
e 17 0 8
e 2 0 8
e 32 0 8
e 28 0 8
e 24 0 8
e 25 0 8
e 31 0 8
e 6 0 8
e 9 0 8
e 39 0 8
e 40 0 8
e 12 0 8
e 3 0 8
e 5 0 8
e 14 0 8
e 8 0 8
e 11 0 8
e 13 0 8
e 4 0 8
e 36 0 8
e 35 0 8
e 37 0 8

t # 8 49
v 0 3
v 1 3
v 2 3
v 3 3
v 4 3
v 5 3
v 6 3
v 7 3
v 8 3
v 9 3
v 10 2
v 11 3
v 12 3
v 13 3
v 14 3
v 15 3
v 16 3
v 17 3
v 18 3
v 19 3
v 20 3
v 21 3
v 22 3
v 23 3
v 24 2
v 25 3
v 26 3
v 27 3
v 28 3
v 29 3
v 30 3
v 31 3
v 32 3
v 33 3
v 34 3
v 35 3
v 36 3
v 37 3
v 38 3
v 39 3
v 40 3
v 41 3
v 42 3
v 43 4
v 44 4
v 45 4
v 46 4
v 47 4
v 48 4
e 11 10 3
e 9 10 3
e 12 10 3
e 13 10 3
e 14 10 3
e 15 10 3
e 16 10 3
e 17 10 3
e 18 10 3
e 25 24 3
e 0 24 3
e 26 24 3
e 27 24 3
e 28 24 3
e 29 24 3
e 30 24 3
e 31 24 3
e 32 24 3
e 33 24 3
e 34 24 3
e 35 24 3
e 36 24 3
e 37 24 3
e 38 24 3
e 39 24 3
e 40 24 3
e 41 24 3
e 42 24 4
e 16 44 7
e 13 46 7
e 29 48 7
e 30 48 7
e 29 48 7
e 32 43 7
e 37 43 7
e 32 43 7
e 8 45 7
e 19 48 7
e 11 44 6
e 9 44 6
e 14 44 6
e 13 44 6
e 1 45 6
e 2 45 6
e 3 45 6
e 11 46 6
e 12 46 6
e 14 46 6
e 13 46 6
e 9 46 6
e 25 48 6
e 26 48 6
e 27 48 6
e 28 48 6
e 31 48 6
e 33 48 6
e 29 48 6
e 30 48 6
e 37 48 6
e 32 48 6
e 34 48 6
e 36 43 6
e 26 43 6
e 28 43 6
e 34 43 6
e 35 43 6
e 33 43 6
e 31 43 6
e 29 43 6
e 30 43 6
e 32 43 6
e 37 43 6
e 23 44 6
e 22 44 6
e 20 44 6
e 21 44 6
e 19 44 6
e 7 45 6
e 8 45 6
e 25 46 6
e 34 46 6
e 26 46 6
e 28 46 6
e 27 46 6
e 33 46 6
e 31 46 6
e 29 46 6
e 30 46 6
e 32 46 6
e 37 46 6
e 25 47 6
e 26 47 6
e 34 47 6
e 28 47 6
e 35 47 6
e 33 47 6
e 29 47 6
e 30 47 6
e 31 47 6
e 37 47 6
e 32 47 6
e 23 48 6
e 20 48 6
e 21 48 6
e 22 48 6
e 19 48 6
e 16 44 6
e 16 46 6
e 15 46 6
e 0 48 6
e 35 48 6
e 41 43 6
e 0 43 6
e 27 43 6
e 6 45 6
e 5 45 6
e 4 45 6
e 0 46 6
e 35 46 6
e 41 46 6
e 41 47 6
e 39 47 6
e 27 47 6

t # 9 48
v 0 1
v 1 3
v 2 3
v 3 2
v 4 3
v 5 3
v 6 3
v 7 3
v 8 3
v 9 3
v 10 3
v 11 3
v 12 3
v 13 3
v 14 3
v 15 3
v 16 3
v 17 3
v 18 3
v 19 3
v 20 3
v 21 3
v 22 3
v 23 3
v 24 3
v 25 3
v 26 3
v 27 2
v 28 3
v 29 3
v 30 3
v 31 3
v 32 3
v 33 3
v 34 3
v 35 3
v 36 3
v 37 3
v 38 3
v 39 3
v 40 3
v 41 4
v 42 4
v 43 4
v 44 4
v 45 4
v 46 4
v 47 4
e 0 3 1
e 4 3 3
e 5 3 3
e 6 3 3
e 7 3 3
e 8 3 3
e 9 3 3
e 10 3 3
e 11 3 3
e 12 3 3
e 13 3 3
e 14 3 3
e 15 3 3
e 16 3 3
e 17 3 3
e 18 3 3
e 19 3 3
e 20 3 3
e 21 3 3
e 22 3 3
e 23 3 3
e 24 3 4
e 0 27 1
e 22 27 3
e 4 27 3
e 28 27 3
e 6 27 3
e 29 27 3
e 30 27 3
e 9 27 3
e 10 27 3
e 12 27 3
e 31 27 3
e 13 27 3
e 14 27 3
e 15 27 3
e 32 27 3
e 16 27 3
e 33 27 3
e 21 27 3
e 34 27 3
e 35 27 3
e 36 27 3
e 37 27 3
e 38 27 3
e 24 27 4
e 0 41 6
e 0 42 6
e 0 43 6
e 0 44 6
e 0 45 6
e 0 46 6
e 0 47 6
e 1 46 7
e 18 41 7
e 14 41 7
e 7 41 7
e 13 41 7
e 14 41 7
e 9 42 7
e 16 43 7
e 11 44 7
e 16 44 7
e 16 44 7
e 17 44 7
e 29 47 7
e 14 47 7
e 13 47 7
e 2 41 6
e 39 43 6
e 25 44 6
e 26 44 6
e 1 45 6
e 1 46 6
e 4 41 6
e 6 41 6
e 7 41 6
e 8 41 6
e 9 41 6
e 10 41 6
e 11 41 6
e 12 41 6
e 14 41 6
e 19 41 6
e 18 41 6
e 4 42 6
e 6 42 6
e 7 42 6
e 8 42 6
e 10 42 6
e 11 42 6
e 12 42 6
e 13 42 6
e 14 42 6
e 17 42 6
e 19 42 6
e 22 43 6
e 6 43 6
e 29 43 6
e 9 43 6
e 10 43 6
e 13 43 6
e 14 43 6
e 15 43 6
e 16 43 6
e 33 43 6
e 36 43 6
e 4 44 6
e 6 44 6
e 7 44 6
e 8 44 6
e 9 44 6
e 10 44 6
e 11 44 6
e 13 44 6
e 14 44 6
e 17 44 6
e 19 44 6
e 22 45 6
e 6 45 6
e 29 45 6
e 30 45 6
e 9 45 6
e 10 45 6
e 12 45 6
e 13 45 6
e 14 45 6
e 15 45 6
e 16 45 6
e 4 46 6
e 6 46 6
e 8 46 6
e 9 46 6
e 7 46 6
e 19 46 6
e 10 46 6
e 11 46 6
e 13 46 6
e 14 46 6
e 17 46 6
e 22 47 6
e 6 47 6
e 29 47 6
e 30 47 6
e 9 47 6
e 10 47 6
e 13 47 6
e 14 47 6
e 15 47 6
e 16 47 6
e 37 47 6
e 40 43 6
e 17 41 6
e 13 41 6
e 16 41 6
e 9 42 6
e 18 42 6
e 16 42 6
e 30 43 6
e 21 43 6
e 18 44 6
e 16 44 6
e 5 44 6
e 21 45 6
e 16 46 6
e 18 46 6
e 12 46 6
e 12 47 6
e 21 47 6
e 36 47 6
e 11 0 8
e 10 0 8
e 8 0 8
e 16 0 8
e 22 0 8
e 7 0 8
e 15 0 8
e 23 0 8
e 14 0 8
e 9 0 8
e 4 0 8
e 13 0 8
e 17 0 8
e 5 0 8
e 12 0 8
e 20 0 8
e 19 0 8
e 18 0 8
e 6 0 8
e 21 0 8
e 28 0 8
e 34 0 8
e 37 0 8
e 29 0 8
e 36 0 8
e 35 0 8
e 38 0 8
e 33 0 8
e 30 0 8
e 32 0 8
e 31 0 8

t # 10 51
v 0 1
v 1 2
v 2 3
v 3 3
v 4 3
v 5 3
v 6 3
v 7 3
v 8 3
v 9 3
v 10 3
v 11 3
v 12 3
v 13 3
v 14 3
v 15 3
v 16 3
v 17 3
v 18 3
v 19 3
v 20 3
v 21 3
v 22 3
v 23 3
v 24 3
v 25 2
v 26 3
v 27 3
v 28 3
v 29 3
v 30 3
v 31 3
v 32 3
v 33 3
v 34 3
v 35 3
v 36 3
v 37 3
v 38 3
v 39 3
v 40 3
v 41 2
v 42 3
v 43 3
v 44 3
v 45 3
v 46 4
v 47 4
v 48 4
v 49 4
v 50 4
e 0 1 1
e 2 1 3
e 3 1 3
e 4 1 3
e 5 1 3
e 6 1 3
e 7 1 3
e 8 1 3
e 9 1 3
e 10 1 3
e 11 1 3
e 12 1 3
e 13 1 3
e 14 1 3
e 15 1 3
e 16 1 3
e 17 1 3
e 18 1 3
e 19 1 3
e 20 1 3
e 21 1 3
e 22 1 3
e 23 1 4
e 0 25 1
e 17 25 3
e 26 25 3
e 27 25 3
e 28 25 3
e 29 25 3
e 30 25 3
e 31 25 3
e 32 25 3
e 33 25 3
e 34 25 3
e 11 25 3
e 35 25 3
e 16 25 3
e 36 25 3
e 2 25 3
e 9 25 3
e 37 25 3
e 38 25 3
e 39 25 3
e 40 25 4
e 0 41 1
e 17 41 3
e 3 41 3
e 4 41 3
e 26 41 3
e 6 41 3
e 7 41 3
e 39 41 3
e 42 41 3
e 43 41 3
e 11 41 3
e 12 41 3
e 20 41 3
e 14 41 3
e 29 41 3
e 33 41 3
e 16 41 3
e 21 41 3
e 31 41 3
e 44 41 3
e 2 41 3
e 45 41 4
e 0 46 6
e 0 47 6
e 0 48 6
e 0 49 6
e 0 50 6
e 33 46 7
e 33 46 7
e 24 49 7
e 36 47 7
e 11 50 7
e 7 50 7
e 17 46 6
e 4 46 6
e 26 46 6
e 7 46 6
e 39 46 6
e 11 46 6
e 12 46 6
e 29 46 6
e 33 46 6
e 16 46 6
e 31 46 6
e 24 49 6
e 17 47 6
e 26 47 6
e 27 47 6
e 28 47 6
e 29 47 6
e 31 47 6
e 32 47 6
e 33 47 6
e 34 47 6
e 11 47 6
e 39 47 6
e 17 48 6
e 4 48 6
e 26 48 6
e 7 48 6
e 39 48 6
e 11 48 6
e 14 48 6
e 29 48 6
e 33 48 6
e 16 48 6
e 31 48 6
e 3 49 6
e 4 49 6
e 7 49 6
e 11 49 6
e 12 49 6
e 13 49 6
e 14 49 6
e 15 49 6
e 17 49 6
e 19 49 6
e 22 49 6
e 2 50 6
e 3 50 6
e 4 50 6
e 5 50 6
e 7 50 6
e 10 50 6
e 11 50 6
e 13 50 6
e 14 50 6
e 15 50 6
e 19 50 6
e 42 46 6
e 14 46 6
e 43 46 6
e 9 47 6
e 36 47 6
e 38 47 6
e 21 48 6
e 42 48 6
e 43 48 6
e 18 49 6
e 8 49 6
e 16 49 6
e 9 50 6
e 22 50 6
e 17 50 6
e 7 0 8
e 2 0 8
e 43 0 8
e 33 0 8
e 4 0 8
e 44 0 8
e 26 0 8
e 29 0 8
e 17 0 8
e 12 0 8
e 6 0 8
e 42 0 8
e 3 0 8
e 14 0 8
e 16 0 8
e 39 0 8
e 20 0 8
e 21 0 8
e 11 0 8
e 31 0 8
e 28 0 8
e 9 0 8
e 34 0 8
e 38 0 8
e 27 0 8
e 32 0 8
e 37 0 8
e 30 0 8
e 35 0 8
e 36 0 8
e 22 0 8
e 15 0 8
e 8 0 8
e 13 0 8
e 5 0 8
e 18 0 8
e 10 0 8
e 19 0 8

t # 11 48
v 0 1
v 1 3
v 2 3
v 3 3
v 4 2
v 5 3
v 6 3
v 7 3
v 8 3
v 9 3
v 10 3
v 11 3
v 12 3
v 13 3
v 14 3
v 15 3
v 16 3
v 17 3
v 18 3
v 19 3
v 20 3
v 21 3
v 22 3
v 23 3
v 24 3
v 25 2
v 26 3
v 27 3
v 28 3
v 29 3
v 30 3
v 31 3
v 32 3
v 33 3
v 34 3
v 35 3
v 36 3
v 37 3
v 38 3
v 39 3
v 40 3
v 41 3
v 42 3
v 43 3
v 44 4
v 45 4
v 46 4
v 47 4
e 0 4 1
e 5 4 3
e 6 4 3
e 7 4 3
e 8 4 3
e 9 4 3
e 10 4 3
e 11 4 3
e 12 4 3
e 13 4 3
e 14 4 3
e 15 4 3
e 16 4 3
e 17 4 3
e 18 4 3
e 19 4 3
e 20 4 3
e 21 4 3
e 22 4 3
e 0 25 1
e 26 25 3
e 27 25 3
e 8 25 3
e 9 25 3
e 10 25 3
e 24 25 3
e 28 25 3
e 14 25 3
e 11 25 3
e 5 25 3
e 29 25 3
e 30 25 3
e 31 25 3
e 32 25 3
e 20 25 3
e 33 25 3
e 34 25 3
e 35 25 4
e 0 44 6
e 0 47 6
e 0 45 6
e 0 46 6
e 17 44 7
e 9 44 7
e 11 45 7
e 13 46 7
e 11 46 7
e 5 44 6
e 6 44 6
e 8 44 6
e 9 44 6
e 11 44 6
e 12 44 6
e 13 44 6
e 14 44 6
e 17 44 6
e 18 44 6
e 19 44 6
e 5 47 6
e 7 47 6
e 8 47 6
e 9 47 6
e 11 47 6
e 15 47 6
e 16 47 6
e 17 47 6
e 19 47 6
e 20 47 6
e 21 47 6
e 26 45 6
e 27 45 6
e 8 45 6
e 9 45 6
e 10 45 6
e 24 45 6
e 14 45 6
e 11 45 6
e 29 45 6
e 31 45 6
e 20 45 6
e 5 46 6
e 6 46 6
e 8 46 6
e 9 46 6
e 11 46 6
e 12 46 6
e 13 46 6
e 14 46 6
e 17 46 6
e 18 46 6
e 1 47 6
e 2 47 6
e 3 47 6
e 21 44 6
e 7 44 6
e 13 47 6
e 12 47 6
e 28 45 6
e 7 46 6
e 16 46 6
e 9 0 8
e 33 0 8
e 28 0 8
e 10 0 8
e 5 0 8
e 27 0 8
e 26 0 8
e 11 0 8
e 29 0 8
e 30 0 8
e 34 0 8
e 31 0 8
e 8 0 8
e 32 0 8
e 14 0 8
e 20 0 8
e 24 0 8
e 37 0 8
e 19 0 8
e 17 0 8
e 36 0 8
e 18 0 8
e 42 0 8
e 43 0 8
e 41 0 8
e 21 0 8
e 16 0 8
e 7 0 8
e 15 0 8
e 12 0 8
e 6 0 8
e 22 0 8
e 13 0 8
e 40 0 8
e 39 0 8
e 38 0 8
e 23 0 8

t # 12 51
v 0 3
v 1 2
v 2 3
v 3 3
v 4 3
v 5 3
v 6 3
v 7 3
v 8 3
v 9 3
v 10 3
v 11 3
v 12 3
v 13 3
v 14 3
v 15 3
v 16 3
v 17 3
v 18 3
v 19 3
v 20 3
v 21 3
v 22 3
v 23 3
v 24 2
v 25 3
v 26 3
v 27 3
v 28 3
v 29 3
v 30 3
v 31 3
v 32 3
v 33 3
v 34 3
v 35 3
v 36 3
v 37 3
v 38 3
v 39 2
v 40 3
v 41 3
v 42 4
v 43 4
v 44 4
v 45 4
v 46 4
v 47 4
v 48 4
v 49 4
v 50 4
e 2 1 3
e 3 1 3
e 4 1 3
e 5 1 3
e 6 1 3
e 7 1 3
e 8 1 3
e 9 1 3
e 10 1 3
e 11 1 3
e 12 1 3
e 13 1 3
e 14 1 3
e 15 1 3
e 16 1 3
e 17 1 4
e 25 24 3
e 3 24 3
e 26 24 3
e 27 24 3
e 28 24 3
e 29 24 3
e 30 24 3
e 31 24 3
e 32 24 3
e 9 24 3
e 10 24 3
e 5 24 3
e 33 24 3
e 34 24 3
e 35 24 3
e 36 24 3
e 8 24 3
e 37 24 3
e 0 24 4
e 3 39 3
e 26 39 3
e 5 39 3
e 28 39 3
e 29 39 3
e 7 39 3
e 32 39 3
e 9 39 3
e 10 39 3
e 11 39 3
e 13 39 3
e 36 39 3
e 14 39 3
e 35 39 3
e 40 39 3
e 12 39 3
e 41 39 3
e 0 39 4
e 19 42 7
e 9 44 7
e 9 44 7
e 29 44 7
e 10 42 7
e 26 43 7
e 9 43 7
e 9 43 7
e 28 46 7
e 10 47 7
e 10 48 7
e 10 48 7
e 9 49 7
e 10 50 7
e 32 50 7
e 19 42 6
e 3 44 6
e 5 44 6
e 28 44 6
e 29 44 6
e 7 44 6
e 32 44 6
e 9 44 6
e 10 44 6
e 12 44 6
e 41 44 6
e 2 45 6
e 4 45 6
e 5 45 6
e 6 45 6
e 9 45 6
e 10 45 6
e 12 45 6
e 14 45 6
e 15 45 6
e 16 45 6
e 2 42 6
e 4 42 6
e 5 42 6
e 6 42 6
e 9 42 6
e 10 42 6
e 12 42 6
e 14 42 6
e 15 42 6
e 25 43 6
e 3 43 6
e 26 43 6
e 27 43 6
e 28 43 6
e 29 43 6
e 30 43 6
e 32 43 6
e 9 43 6
e 10 43 6
e 34 43 6
e 25 46 6
e 3 46 6
e 26 46 6
e 27 46 6
e 28 46 6
e 29 46 6
e 30 46 6
e 32 46 6
e 9 46 6
e 10 46 6
e 8 46 6
e 3 47 6
e 26 47 6
e 5 47 6
e 29 47 6
e 7 47 6
e 32 47 6
e 9 47 6
e 10 47 6
e 36 47 6
e 14 47 6
e 25 48 6
e 3 48 6
e 26 48 6
e 27 48 6
e 28 48 6
e 29 48 6
e 30 48 6
e 31 48 6
e 32 48 6
e 9 48 6
e 10 48 6
e 3 49 6
e 26 49 6
e 5 49 6
e 29 49 6
e 7 49 6
e 32 49 6
e 9 49 6
e 10 49 6
e 40 49 6
e 12 49 6
e 3 50 6
e 26 50 6
e 5 50 6
e 29 50 6
e 7 50 6
e 32 50 6
e 9 50 6
e 10 50 6
e 11 50 6
e 40 50 6
e 12 50 6
e 40 44 6
e 14 44 6
e 8 45 6
e 23 48 6
e 38 50 6
e 13 42 6
e 16 42 6
e 31 43 6
e 8 43 6
e 33 43 6
e 31 46 6
e 36 46 6
e 37 46 6
e 12 47 6
e 40 47 6
e 8 48 6
e 37 48 6
e 36 48 6
e 36 49 6
e 28 49 6
e 14 50 6
e 41 50 6

t # 13 51
v 0 0
v 1 1
v 2 2
v 3 3
v 4 3
v 5 3
v 6 3
v 7 3
v 8 3
v 9 3
v 10 3
v 11 2
v 12 3
v 13 3
v 14 3
v 15 3
v 16 3
v 17 3
v 18 3
v 19 3
v 20 3
v 21 3
v 22 3
v 23 3
v 24 3
v 25 3
v 26 3
v 27 3
v 28 2
v 29 3
v 30 3
v 31 2
v 32 3
v 33 3
v 34 3
v 35 3
v 36 3
v 37 3
v 38 4
v 39 4
v 40 4
v 41 4
v 42 4
v 43 4
v 44 4
v 45 4
v 46 4
v 47 4
v 48 4
v 49 4
v 50 4
e 1 0 0
e 1 2 1
e 3 2 3
e 4 2 3
e 5 2 3
e 6 2 3
e 7 2 3
e 8 2 3
e 9 2 3
e 10 2 3
e 1 11 1
e 11 0 2
e 3 11 3
e 12 11 3
e 13 11 3
e 14 11 3
e 15 11 3
e 16 11 3
e 17 11 3
e 18 11 3
e 19 11 3
e 20 11 3
e 7 11 3
e 21 11 3
e 22 11 3
e 23 11 3
e 24 11 3
e 25 11 3
e 26 11 3
e 8 11 3
e 27 11 4
e 1 28 1
e 3 28 3
e 4 28 3
e 14 28 3
e 15 28 3
e 5 28 3
e 17 28 3
e 18 28 3
e 6 28 3
e 19 28 3
e 20 28 3
e 7 28 3
e 21 28 3
e 8 28 3
e 23 28 3
e 29 28 3
e 30 28 3
e 9 28 3
e 1 31 1
e 3 31 3
e 32 31 3
e 13 31 3
e 14 31 3
e 33 31 3
e 34 31 3
e 18 31 3
e 19 31 3
e 35 31 3
e 7 31 3
e 21 31 3
e 22 31 3
e 23 31 3
e 36 31 3
e 25 31 3
e 37 31 3
e 27 31 4
e 40 0 5
e 41 0 5
e 42 0 5
e 44 0 5
e 46 0 5
e 50 0 5
e 1 39 6
e 1 40 6
e 1 41 6
e 1 42 6
e 1 43 6
e 1 44 6
e 1 45 6
e 1 46 6
e 1 47 6
e 1 48 6
e 1 50 6
e 1 38 6
e 1 49 6
e 18 39 7
e 18 39 7
e 20 39 7
e 19 39 7
e 20 40 7
e 18 41 7
e 23 41 7
e 7 41 7
e 20 41 7
e 23 41 7
e 19 43 7
e 21 43 7
e 13 43 7
e 33 43 7
e 17 44 7
e 22 44 7
e 22 44 7
e 7 45 7
e 5 45 7
e 23 45 7
e 23 46 7
e 15 46 7
e 21 46 7
e 7 48 7
e 23 48 7
e 18 50 7
e 19 50 7
e 7 50 7
e 7 38 7
e 7 38 7
e 23 38 7
e 22 38 7
e 4 49 7
e 4 49 7
e 3 39 6
e 4 39 6
e 5 39 6
e 18 39 6
e 6 39 6
e 19 39 6
e 20 39 6
e 7 39 6
e 21 39 6
e 8 39 6
e 3 40 6
e 13 40 6
e 15 40 6
e 18 40 6
e 19 40 6
e 20 40 6
e 7 40 6
e 21 40 6
e 23 40 6
e 8 40 6
e 3 41 6
e 13 41 6
e 15 41 6
e 18 41 6
e 19 41 6
e 20 41 6
e 7 41 6
e 21 41 6
e 23 41 6
e 8 41 6
e 3 42 6
e 13 42 6
e 15 42 6
e 18 42 6
e 20 42 6
e 19 42 6
e 7 42 6
e 21 42 6
e 23 42 6
e 8 42 6
e 7 43 6
e 21 43 6
e 23 43 6
e 18 43 6
e 37 43 6
e 25 43 6
e 13 43 6
e 32 43 6
e 22 43 6
e 3 44 6
e 13 44 6
e 14 44 6
e 15 44 6
e 16 44 6
e 17 44 6
e 18 44 6
e 20 44 6
e 7 44 6
e 21 44 6
e 22 44 6
e 3 45 6
e 4 45 6
e 5 45 6
e 18 45 6
e 19 45 6
e 20 45 6
e 7 45 6
e 21 45 6
e 8 45 6
e 3 46 6
e 13 46 6
e 15 46 6
e 18 46 6
e 19 46 6
e 20 46 6
e 7 46 6
e 21 46 6
e 23 46 6
e 8 46 6
e 3 47 6
e 13 47 6
e 21 47 6
e 14 47 6
e 19 47 6
e 22 47 6
e 35 47 6
e 7 47 6
e 18 47 6
e 3 48 6
e 13 48 6
e 21 48 6
e 14 48 6
e 22 48 6
e 19 48 6
e 7 48 6
e 18 48 6
e 23 48 6
e 35 48 6
e 3 50 6
e 13 50 6
e 15 50 6
e 18 50 6
e 19 50 6
e 20 50 6
e 7 50 6
e 21 50 6
e 23 50 6
e 8 50 6
e 3 38 6
e 13 38 6
e 21 38 6
e 14 38 6
e 22 38 6
e 19 38 6
e 7 38 6
e 18 38 6
e 23 38 6
e 35 38 6
e 3 49 6
e 4 49 6
e 14 49 6
e 6 49 6
e 7 49 6
e 21 49 6
e 8 49 6
e 23 49 6
e 23 39 6
e 14 39 6
e 17 40 6
e 12 40 6
e 24 40 6
e 12 41 6
e 17 41 6
e 17 42 6
e 16 42 6
e 22 42 6
e 35 43 6
e 19 43 6
e 33 43 6
e 19 44 6
e 23 45 6
e 17 45 6
e 17 46 6
e 12 46 6
e 14 46 6
e 23 47 6
e 32 48 6
e 33 48 6
e 34 48 6
e 17 50 6
e 12 50 6
e 33 38 6
e 32 38 6
e 37 38 6
e 19 49 6
e 17 49 6
e 29 49 6
e 18 1 8
e 20 1 8
e 22 1 8
e 14 1 8
e 19 1 8
e 13 1 8
e 7 1 8
e 3 1 8
e 25 1 8
e 8 1 8
e 16 1 8
e 15 1 8
e 12 1 8
e 23 1 8
e 26 1 8
e 24 1 8
e 17 1 8
e 21 1 8
e 9 1 8
e 6 1 8
e 30 1 8
e 5 1 8
e 4 1 8
e 29 1 8
e 37 1 8
e 36 1 8
e 33 1 8
e 34 1 8
e 35 1 8
e 32 1 8
e 10 1 8

t # 14 49
v 0 0
v 1 1
v 2 3
v 3 3
v 4 3
v 5 3
v 6 3
v 7 3
v 8 3
v 9 3
v 10 3
v 11 3
v 12 3
v 13 3
v 14 3
v 15 2
v 16 3
v 17 3
v 18 3
v 19 3
v 20 3
v 21 3
v 22 2
v 23 3
v 24 3
v 25 3
v 26 3
v 27 3
v 28 3
v 29 3
v 30 3
v 31 3
v 32 3
v 33 3
v 34 3
v 35 3
v 36 3
v 37 3
v 38 3
v 39 3
v 40 3
v 41 3
v 42 3
v 43 4
v 44 4
v 45 4
v 46 4
v 47 4
v 48 4
e 1 0 0
e 15 0 2
e 5 15 3
e 3 15 3
e 16 15 3
e 17 15 3
e 4 15 3
e 2 15 3
e 18 15 3
e 19 15 3
e 20 15 3
e 21 15 3
e 1 22 1
e 22 0 2
e 23 15 4
e 24 22 3
e 25 22 3
e 26 22 3
e 27 22 3
e 28 22 3
e 29 22 3
e 30 22 3
e 31 22 3
e 32 22 3
e 33 22 3
e 34 22 3
e 35 22 3
e 36 22 3
e 37 22 3
e 38 22 3
e 39 22 3
e 40 22 3
e 41 22 3
e 42 22 4
e 43 0 5
e 44 0 5
e 45 0 5
e 46 0 5
e 47 0 5
e 48 0 5
e 1 43 6
e 1 46 6
e 1 47 6
e 30 46 7
e 29 46 7
e 2 47 7
e 2 47 7
e 2 47 7
e 2 47 7
e 2 47 7
e 18 44 7
e 18 44 7
e 18 44 7
e 3 44 7
e 3 44 7
e 3 45 7
e 3 45 7
e 18 45 7
e 2 45 7
e 2 48 7
e 2 48 7
e 41 43 6
e 27 43 6
e 34 43 6
e 38 43 6
e 35 43 6
e 26 43 6
e 29 43 6
e 32 43 6
e 33 43 6
e 37 43 6
e 31 43 6
e 6 44 6
e 11 44 6
e 7 44 6
e 8 44 6
e 10 44 6
e 12 44 6
e 41 46 6
e 27 46 6
e 34 46 6
e 38 46 6
e 35 46 6
e 25 46 6
e 32 46 6
e 29 46 6
e 26 46 6
e 30 46 6
e 31 46 6
e 5 47 6
e 4 47 6
e 3 47 6
e 2 47 6
e 18 47 6
e 16 47 6
e 6 43 6
e 11 43 6
e 7 43 6
e 10 43 6
e 12 43 6
e 5 44 6
e 4 44 6
e 16 44 6
e 3 44 6
e 2 44 6
e 18 44 6
e 5 45 6
e 4 45 6
e 16 45 6
e 3 45 6
e 2 45 6
e 18 45 6
e 13 46 6
e 24 47 6
e 27 47 6
e 35 47 6
e 39 47 6
e 38 47 6
e 34 47 6
e 32 47 6
e 26 47 6
e 29 47 6
e 30 47 6
e 31 47 6
e 5 48 6
e 4 48 6
e 16 48 6
e 3 48 6
e 2 48 6
e 18 48 6
e 30 43 6
e 25 43 6
e 9 44 6
e 24 46 6
e 40 46 6
e 19 47 6
e 17 47 6
e 8 43 6
e 9 43 6
e 19 45 6
e 14 46 6
e 25 47 6
e 31 1 8
e 30 1 8
e 41 1 8
e 26 1 8
e 29 1 8
e 27 1 8
e 37 1 8
e 32 1 8
e 40 1 8
e 36 1 8
e 38 1 8
e 34 1 8
e 25 1 8
e 33 1 8
e 39 1 8
e 35 1 8
e 28 1 8
e 24 1 8

t # 15 49
v 0 3
v 1 3
v 2 3
v 3 2
v 4 3
v 5 3
v 6 3
v 7 3
v 8 3
v 9 3
v 10 3
v 11 3
v 12 3
v 13 3
v 14 3
v 15 3
v 16 3
v 17 3
v 18 3
v 19 2
v 20 3
v 21 3
v 22 3
v 23 3
v 24 3
v 25 3
v 26 3
v 27 3
v 28 2
v 29 3
v 30 3
v 31 3
v 32 3
v 33 3
v 34 3
v 35 3
v 36 3
v 37 3
v 38 3
v 39 3
v 40 2
v 41 3
v 42 3
v 43 3
v 44 3
v 45 4
v 46 4
v 47 4
v 48 4
e 4 3 3
e 1 3 3
e 5 3 3
e 6 3 3
e 7 3 3
e 8 3 3
e 9 3 3
e 10 3 3
e 11 3 3
e 12 3 3
e 13 3 3
e 14 3 3
e 0 3 3
e 15 3 3
e 16 3 3
e 17 3 3
e 18 3 4
e 20 19 3
e 21 19 3
e 17 19 3
e 15 19 3
e 13 19 3
e 0 19 3
e 14 19 3
e 16 19 3
e 22 19 3
e 23 19 3
e 24 19 4
e 25 28 3
e 4 28 3
e 14 28 3
e 29 28 3
e 30 28 3
e 31 28 3
e 1 28 3
e 32 28 3
e 8 28 3
e 33 28 3
e 10 28 3
e 11 28 3
e 17 28 3
e 13 28 3
e 34 28 3
e 0 28 3
e 20 28 3
e 35 28 3
e 16 28 3
e 36 28 3
e 37 28 3
e 38 28 4
e 39 28 4
e 25 40 3
e 4 40 3
e 36 40 3
e 29 40 3
e 30 40 3
e 31 40 3
e 32 40 3
e 41 40 3
e 8 40 3
e 33 40 3
e 10 40 3
e 42 40 3
e 14 40 3
e 13 40 3
e 34 40 3
e 37 40 3
e 43 40 3
e 44 40 4
e 2 45 7
e 2 45 7
e 8 46 7
e 16 46 7
e 30 46 7
e 26 48 7
e 26 48 7
e 26 48 7
e 11 45 7
e 13 45 7
e 15 45 7
e 2 45 6
e 4 46 6
e 10 46 6
e 14 46 6
e 31 46 6
e 11 46 6
e 34 46 6
e 16 46 6
e 1 46 6
e 8 46 6
e 0 46 6
e 30 46 6
e 26 48 6
e 4 45 6
e 1 45 6
e 7 45 6
e 8 45 6
e 11 45 6
e 13 45 6
e 14 45 6
e 15 45 6
e 16 45 6
e 17 45 6
e 27 46 6
e 4 47 6
e 10 47 6
e 30 47 6
e 31 47 6
e 34 47 6
e 36 47 6
e 14 47 6
e 13 47 6
e 37 47 6
e 25 47 6
e 8 47 6
e 4 48 6
e 10 48 6
e 34 48 6
e 31 48 6
e 29 48 6
e 13 48 6
e 37 48 6
e 17 48 6
e 8 48 6
e 30 48 6
e 14 48 6
e 32 46 6
e 37 46 6
e 12 45 6
e 6 45 6
e 42 47 6
e 41 47 6
e 16 48 6
e 11 48 6
e 32 48 6

t # 16 50
v 0 1
v 1 3
v 2 2
v 3 3
v 4 3
v 5 3
v 6 3
v 7 3
v 8 3
v 9 3
v 10 3
v 11 3
v 12 3
v 13 3
v 14 3
v 15 3
v 16 3
v 17 3
v 18 3
v 19 3
v 20 3
v 21 3
v 22 3
v 23 3
v 24 3
v 25 2
v 26 3
v 27 3
v 28 3
v 29 3
v 30 3
v 31 3
v 32 3
v 33 3
v 34 3
v 35 3
v 36 3
v 37 3
v 38 3
v 39 3
v 40 3
v 41 3
v 42 3
v 43 3
v 44 4
v 45 4
v 46 4
v 47 4
v 48 4
v 49 4
e 0 2 1
e 3 2 3
e 4 2 3
e 5 2 3
e 6 2 3
e 7 2 3
e 8 2 3
e 9 2 3
e 10 2 3
e 11 2 3
e 12 2 3
e 13 2 3
e 14 2 3
e 15 2 3
e 16 2 3
e 17 2 3
e 18 2 3
e 19 2 3
e 20 2 3
e 21 2 3
e 22 2 4
e 0 25 1
e 26 25 3
e 27 25 3
e 12 25 3
e 28 25 3
e 7 25 3
e 29 25 3
e 18 25 3
e 30 25 3
e 31 25 3
e 32 25 3
e 33 25 3
e 34 25 3
e 35 25 3
e 36 25 3
e 37 25 3
e 19 25 3
e 38 25 3
e 39 25 3
e 40 25 3
e 41 25 3
e 42 25 3
e 22 25 4
e 0 45 6
e 0 47 6
e 0 48 6
e 0 49 6
e 0 44 6
e 0 46 6
e 43 44 7
e 10 45 7
e 24 46 7
e 4 48 7
e 11 48 7
e 1 45 7
e 1 45 7
e 9 46 7
e 17 46 7
e 24 44 6
e 43 44 6
e 4 45 6
e 5 45 6
e 7 45 6
e 9 45 6
e 10 45 6
e 11 45 6
e 13 45 6
e 15 45 6
e 16 45 6
e 17 45 6
e 21 45 6
e 24 46 6
e 26 47 6
e 12 47 6
e 18 47 6
e 30 47 6
e 31 47 6
e 32 47 6
e 33 47 6
e 34 47 6
e 19 47 6
e 38 47 6
e 7 47 6
e 4 48 6
e 5 48 6
e 7 48 6
e 9 48 6
e 10 48 6
e 11 48 6
e 13 48 6
e 15 48 6
e 16 48 6
e 17 48 6
e 21 48 6
e 26 49 6
e 12 49 6
e 30 49 6
e 31 49 6
e 32 49 6
e 33 49 6
e 34 49 6
e 35 49 6
e 38 49 6
e 29 49 6
e 37 49 6
e 26 44 6
e 12 44 6
e 7 44 6
e 18 44 6
e 30 44 6
e 31 44 6
e 32 44 6
e 33 44 6
e 34 44 6
e 19 44 6
e 38 44 6
e 1 45 6
e 4 46 6
e 5 46 6
e 7 46 6
e 9 46 6
e 10 46 6
e 11 46 6
e 13 46 6
e 15 46 6
e 16 46 6
e 21 46 6
e 1 47 6
e 23 48 6
e 20 45 6
e 19 45 6
e 8 45 6
e 35 47 6
e 40 47 6
e 36 47 6
e 19 48 6
e 36 49 6
e 18 49 6
e 40 49 6
e 29 44 6
e 35 44 6
e 41 44 6
e 17 46 6
e 19 46 6
e 13 0 8
e 12 0 8
e 14 0 8
e 10 0 8
e 18 0 8
e 17 0 8
e 9 0 8
e 3 0 8
e 7 0 8
e 20 0 8
e 15 0 8
e 6 0 8
e 5 0 8
e 11 0 8
e 16 0 8
e 19 0 8
e 21 0 8
e 8 0 8
e 4 0 8
e 35 0 8
e 42 0 8
e 30 0 8
e 41 0 8
e 39 0 8
e 26 0 8
e 32 0 8
e 31 0 8
e 36 0 8
e 33 0 8
e 37 0 8
e 34 0 8
e 29 0 8
e 38 0 8
e 28 0 8
e 40 0 8
e 27 0 8

t # 17 46
v 0 3
v 1 3
v 2 3
v 3 3
v 4 3
v 5 2
v 6 3
v 7 3
v 8 3
v 9 3
v 10 3
v 11 3
v 12 3
v 13 3
v 14 3
v 15 3
v 16 3
v 17 3
v 18 3
v 19 3
v 20 3
v 21 3
v 22 3
v 23 3
v 24 3
v 25 3
v 26 3
v 27 3
v 28 3
v 29 2
v 30 3
v 31 3
v 32 3
v 33 3
v 34 3
v 35 3
v 36 3
v 37 3
v 38 3
v 39 3
v 40 3
v 41 3
v 42 3
v 43 4
v 44 4
v 45 4
e 6 5 3
e 7 5 3
e 8 5 3
e 9 5 3
e 10 5 3
e 11 5 3
e 12 5 3
e 13 5 3
e 14 5 3
e 15 5 3
e 16 5 3
e 17 5 3
e 18 5 3
e 19 5 3
e 20 5 3
e 21 5 3
e 22 5 3
e 23 5 3
e 24 5 4
e 6 29 3
e 7 29 3
e 30 29 3
e 31 29 3
e 32 29 3
e 33 29 3
e 0 29 3
e 19 29 3
e 34 29 3
e 22 29 3
e 35 29 3
e 36 29 3
e 37 29 3
e 38 29 3
e 39 29 3
e 12 29 3
e 40 29 3
e 41 29 4
e 8 43 7
e 19 45 7
e 19 45 7
e 21 43 6
e 7 43 6
e 8 43 6
e 9 43 6
e 11 43 6
e 12 43 6
e 15 43 6
e 17 43 6
e 18 43 6
e 19 43 6
e 27 44 6
e 1 45 6
e 42 45 6
e 2 45 6
e 25 45 6
e 3 45 6
e 4 45 6
e 26 45 6
e 25 43 6
e 4 43 6
e 6 44 6
e 31 44 6
e 32 44 6
e 19 44 6
e 34 44 6
e 22 44 6
e 35 44 6
e 37 44 6
e 12 44 6
e 6 45 6
e 7 45 6
e 32 45 6
e 19 45 6
e 34 45 6
e 22 45 6
e 35 45 6
e 37 45 6
e 12 45 6
e 14 43 6
e 16 43 6
e 28 44 6
e 0 44 6
e 7 44 6
e 36 45 6
e 0 45 6

t # 18 50
v 0 1
v 1 2
v 2 3
v 3 3
v 4 3
v 5 3
v 6 3
v 7 3
v 8 3
v 9 3
v 10 3
v 11 3
v 12 3
v 13 3
v 14 3
v 15 2
v 16 3
v 17 3
v 18 3
v 19 3
v 20 3
v 21 3
v 22 3
v 23 3
v 24 3
v 25 3
v 26 3
v 27 3
v 28 2
v 29 3
v 30 3
v 31 3
v 32 3
v 33 3
v 34 3
v 35 3
v 36 3
v 37 2
v 38 3
v 39 3
v 40 3
v 41 3
v 42 3
v 43 3
v 44 3
v 45 3
v 46 3
v 47 3
v 48 4
v 49 4
e 0 1 1
e 2 1 3
e 3 1 3
e 4 1 3
e 5 1 3
e 6 1 3
e 7 1 3
e 8 1 3
e 9 1 3
e 10 1 3
e 11 1 3
e 12 1 3
e 13 1 3
e 14 1 4
e 0 15 1
e 16 15 3
e 17 15 3
e 18 15 3
e 19 15 3
e 7 15 3
e 20 15 3
e 21 15 3
e 22 15 3
e 9 15 3
e 3 15 3
e 5 15 3
e 6 15 3
e 23 15 3
e 24 15 3
e 25 15 3
e 11 15 3
e 26 15 3
e 27 15 4
e 0 28 1
e 11 28 3
e 29 28 3
e 3 28 3
e 30 28 3
e 7 28 3
e 24 28 3
e 31 28 3
e 6 28 3
e 8 28 3
e 9 28 3
e 10 28 3
e 16 28 3
e 19 28 3
e 4 28 3
e 32 28 3
e 33 28 3
e 5 28 3
e 34 28 3
e 35 28 3
e 36 28 4
e 0 37 1
e 38 37 3
e 21 37 3
e 17 37 3
e 39 37 3
e 40 37 3
e 20 37 3
e 9 37 3
e 29 37 3
e 41 37 3
e 42 37 3
e 22 37 3
e 43 37 3
e 16 37 3
e 44 37 3
e 0 48 6
e 0 49 6
e 9 48 7
e 9 48 7
e 33 48 7
e 10 48 7
e 10 48 7
e 10 48 7
e 9 49 7
e 11 48 6
e 29 48 6
e 30 48 6
e 7 48 6
e 24 48 6
e 31 48 6
e 6 48 6
e 9 48 6
e 10 48 6
e 4 48 6
e 33 48 6
e 11 49 6
e 29 49 6
e 3 49 6
e 30 49 6
e 7 49 6
e 24 49 6
e 31 49 6
e 6 49 6
e 9 49 6
e 10 49 6
e 33 49 6
e 8 48 6
e 3 48 6
e 34 48 6
e 8 49 6
e 5 49 6
e 16 0 8
e 32 0 8
e 33 0 8
e 24 0 8
e 34 0 8
e 3 0 8
e 8 0 8
e 11 0 8
e 4 0 8
e 19 0 8
e 5 0 8
e 29 0 8
e 10 0 8
e 30 0 8
e 35 0 8
e 9 0 8
e 6 0 8
e 7 0 8
e 31 0 8
e 45 0 8
e 2 0 8
e 46 0 8
e 47 0 8
e 18 0 8
e 22 0 8
e 23 0 8
e 25 0 8
e 21 0 8
e 20 0 8
e 26 0 8
e 17 0 8
e 12 0 8
e 13 0 8
e 42 0 8
e 43 0 8
e 44 0 8
e 40 0 8
e 39 0 8
e 41 0 8
e 38 0 8

t # 19 51
v 0 1
v 1 3
v 2 3
v 3 3
v 4 3
v 5 3
v 6 3
v 7 2
v 8 3
v 9 3
v 10 3
v 11 3
v 12 3
v 13 3
v 14 3
v 15 3
v 16 3
v 17 3
v 18 3
v 19 3
v 20 3
v 21 3
v 22 3
v 23 3
v 24 3
v 25 2
v 26 3
v 27 3
v 28 3
v 29 3
v 30 3
v 31 3
v 32 3
v 33 3
v 34 3
v 35 3
v 36 3
v 37 3
v 38 3
v 39 3
v 40 3
v 41 3
v 42 3
v 43 3
v 44 4
v 45 4
v 46 4
v 47 4
v 48 4
v 49 4
v 50 4
e 0 7 1
e 8 7 3
e 9 7 3
e 10 7 3
e 6 7 3
e 11 7 3
e 12 7 3
e 13 7 3
e 14 7 3
e 15 7 3
e 16 7 3
e 17 7 3
e 18 7 3
e 19 7 3
e 20 7 3
e 21 7 3
e 22 7 3
e 23 7 3
e 24 7 4
e 0 25 1
e 8 25 3
e 9 25 3
e 26 25 3
e 27 25 3
e 19 25 3
e 28 25 3
e 6 25 3
e 13 25 3
e 29 25 3
e 12 25 3
e 14 25 3
e 30 25 3
e 31 25 3
e 32 25 3
e 21 25 3
e 33 25 3
e 34 25 3
e 35 25 3
e 36 25 4
e 0 44 6
e 0 46 6
e 0 47 6
e 0 48 6
e 0 49 6
e 0 45 6
e 0 50 6
e 14 44 7
e 6 44 7
e 12 44 7
e 21 44 7
e 12 46 7
e 33 46 7
e 12 47 7
e 12 48 7
e 14 48 7
e 12 45 7
e 12 45 7
e 14 45 7
e 9 45 7
e 21 45 7
e 6 45 7
e 14 45 7
e 6 50 7
e 8 44 6
e 31 44 6
e 9 44 6
e 34 44 6
e 19 44 6
e 28 44 6
e 6 44 6
e 12 44 6
e 29 44 6
e 14 44 6
e 21 44 6
e 8 46 6
e 9 46 6
e 26 46 6
e 27 46 6
e 19 46 6
e 6 46 6
e 34 46 6
e 29 46 6
e 12 46 6
e 14 46 6
e 28 46 6
e 8 47 6
e 26 47 6
e 9 47 6
e 34 47 6
e 19 47 6
e 13 47 6
e 6 47 6
e 33 47 6
e 31 47 6
e 12 47 6
e 14 47 6
e 8 48 6
e 6 48 6
e 10 48 6
e 19 48 6
e 12 48 6
e 11 48 6
e 15 48 6
e 14 48 6
e 21 48 6
e 8 49 6
e 10 49 6
e 9 49 6
e 6 49 6
e 12 49 6
e 19 49 6
e 18 49 6
e 15 49 6
e 14 49 6
e 8 45 6
e 9 45 6
e 26 45 6
e 34 45 6
e 19 45 6
e 33 45 6
e 6 45 6
e 12 45 6
e 29 45 6
e 14 45 6
e 21 45 6
e 8 50 6
e 9 50 6
e 26 50 6
e 34 50 6
e 19 50 6
e 21 50 6
e 33 50 6
e 6 50 6
e 29 50 6
e 12 50 6
e 14 50 6
e 33 46 6
e 21 46 6
e 21 47 6
e 28 47 6
e 18 48 6
e 20 48 6
e 11 49 6
e 13 49 6
e 23 49 6
e 32 45 6
e 13 45 6
e 37 47 6
e 31 50 6
e 13 50 6
e 27 0 8
e 19 0 8
e 34 0 8
e 35 0 8
e 28 0 8
e 31 0 8
e 6 0 8
e 13 0 8
e 26 0 8
e 21 0 8
e 33 0 8
e 9 0 8
e 29 0 8
e 12 0 8
e 30 0 8
e 32 0 8
e 8 0 8
e 14 0 8
e 5 0 8
e 4 0 8
e 3 0 8
e 42 0 8
e 40 0 8
e 43 0 8
e 41 0 8
e 38 0 8
e 39 0 8
e 1 0 8
e 2 0 8
e 17 0 8
e 16 0 8
e 15 0 8
e 22 0 8
e 10 0 8
e 23 0 8
e 11 0 8
e 18 0 8
e 20 0 8

t # 20 49
v 0 3
v 1 3
v 2 3
v 3 3
v 4 2
v 5 3
v 6 3
v 7 3
v 8 3
v 9 3
v 10 3
v 11 3
v 12 3
v 13 3
v 14 3
v 15 3
v 16 3
v 17 3
v 18 3
v 19 3
v 20 3
v 21 3
v 22 2
v 23 3
v 24 3
v 25 3
v 26 3
v 27 3
v 28 3
v 29 3
v 30 3
v 31 3
v 32 2
v 33 3
v 34 3
v 35 3
v 36 3
v 37 3
v 38 3
v 39 3
v 40 3
v 41 3
v 42 3
v 43 3
v 44 3
v 45 4
v 46 4
v 47 4
v 48 4
e 5 4 3
e 3 4 3
e 0 4 3
e 6 4 3
e 1 4 3
e 7 4 3
e 8 4 3
e 9 4 3
e 10 4 3
e 11 4 3
e 12 4 3
e 13 4 3
e 14 4 3
e 15 4 4
e 5 22 3
e 23 22 3
e 2 22 3
e 0 22 3
e 24 22 3
e 1 22 3
e 25 22 3
e 6 22 3
e 26 22 3
e 9 22 3
e 7 22 3
e 27 22 3
e 11 22 3
e 12 22 3
e 28 22 3
e 29 22 3
e 30 22 3
e 31 22 4
e 33 32 3
e 34 32 3
e 35 32 3
e 36 32 3
e 37 32 3
e 38 32 3
e 39 32 3
e 18 32 3
e 16 32 3
e 17 32 3
e 40 32 3
e 19 32 3
e 20 32 3
e 41 32 3
e 42 32 3
e 21 32 4
e 18 45 7
e 18 45 7
e 0 47 7
e 44 48 7
e 5 45 6
e 7 45 6
e 6 45 6
e 1 45 6
e 0 45 6
e 14 45 6
e 3 45 6
e 9 45 6
e 8 45 6
e 5 46 6
e 2 46 6
e 0 46 6
e 28 46 6
e 23 46 6
e 24 46 6
e 7 46 6
e 11 46 6
e 1 46 6
e 26 46 6
e 9 46 6
e 33 47 6
e 37 47 6
e 34 47 6
e 36 47 6
e 40 47 6
e 39 47 6
e 17 47 6
e 16 47 6
e 20 47 6
e 18 47 6
e 41 47 6
e 33 48 6
e 37 48 6
e 34 48 6
e 36 48 6
e 40 48 6
e 17 48 6
e 39 48 6
e 16 48 6
e 20 48 6
e 41 48 6
e 18 48 6
e 16 45 6
e 17 45 6
e 18 45 6
e 5 47 6
e 0 47 6
e 2 47 6
e 29 47 6
e 6 47 6
e 24 47 6
e 23 47 6
e 1 47 6
e 30 47 6
e 9 47 6
e 26 47 6
e 43 48 6
e 44 48 6
e 12 45 6
e 12 46 6
e 42 47 6
e 19 48 6
e 28 47 6
e 7 47 6

t # 21 48
v 0 3
v 1 3
v 2 3
v 3 3
v 4 3
v 5 3
v 6 3
v 7 3
v 8 3
v 9 3
v 10 3
v 11 3
v 12 3
v 13 3
v 14 3
v 15 3
v 16 3
v 17 3
v 18 3
v 19 3
v 20 3
v 21 3
v 22 3
v 23 3
v 24 2
v 25 3
v 26 3
v 27 3
v 28 3
v 29 3
v 30 3
v 31 3
v 32 3
v 33 3
v 34 3
v 35 3
v 36 2
v 37 3
v 38 3
v 39 3
v 40 3
v 41 3
v 42 4
v 43 4
v 44 4
v 45 4
v 46 4
v 47 4
e 25 24 3
e 26 24 3
e 27 24 3
e 28 24 3
e 29 24 3
e 12 24 3
e 10 24 3
e 11 24 3
e 30 24 3
e 1 24 3
e 31 24 3
e 32 24 3
e 9 24 3
e 33 24 3
e 13 24 3
e 34 24 3
e 35 24 4
e 37 36 3
e 27 36 3
e 10 36 3
e 11 36 3
e 30 36 3
e 1 36 3
e 38 36 3
e 39 36 3
e 40 36 3
e 41 36 3
e 35 36 4
e 1 42 7
e 0 43 7
e 0 43 7
e 5 43 7
e 5 43 7
e 5 43 7
e 0 43 7
e 11 44 7
e 8 44 7
e 5 44 7
e 12 45 7
e 11 45 7
e 30 45 7
e 30 45 7
e 26 45 7
e 11 46 7
e 29 46 7
e 25 42 6
e 29 42 6
e 27 42 6
e 26 42 6
e 10 42 6
e 1 42 6
e 11 42 6
e 12 42 6
e 28 42 6
e 31 42 6
e 30 42 6
e 2 43 6
e 3 43 6
e 7 43 6
e 5 43 6
e 6 43 6
e 0 43 6
e 8 44 6
e 10 44 6
e 11 44 6
e 12 44 6
e 5 45 6
e 23 45 6
e 0 45 6
e 25 47 6
e 29 47 6
e 27 47 6
e 26 47 6
e 1 47 6
e 30 47 6
e 11 47 6
e 10 47 6
e 28 47 6
e 12 47 6
e 15 43 6
e 17 43 6
e 18 43 6
e 19 43 6
e 20 43 6
e 22 43 6
e 2 44 6
e 3 44 6
e 7 44 6
e 6 44 6
e 5 44 6
e 0 44 6
e 25 45 6
e 29 45 6
e 27 45 6
e 26 45 6
e 11 45 6
e 30 45 6
e 1 45 6
e 10 45 6
e 28 45 6
e 12 45 6
e 25 46 6
e 27 46 6
e 29 46 6
e 26 46 6
e 28 46 6
e 12 46 6
e 1 46 6
e 11 46 6
e 10 46 6
e 31 46 6
e 30 46 6
e 9 42 6
e 4 43 6
e 13 44 6
e 14 44 6
e 31 47 6
e 21 43 6
e 16 43 6
e 13 45 6
e 31 45 6

t # 22 51
v 0 1
v 1 2
v 2 3
v 3 3
v 4 3
v 5 3
v 6 3
v 7 3
v 8 3
v 9 3
v 10 3
v 11 3
v 12 3
v 13 3
v 14 3
v 15 3
v 16 3
v 17 3
v 18 3
v 19 3
v 20 3
v 21 3
v 22 2
v 23 3
v 24 3
v 25 3
v 26 3
v 27 3
v 28 3
v 29 2
v 30 3
v 31 3
v 32 3
v 33 3
v 34 2
v 35 3
v 36 3
v 37 3
v 38 4
v 39 4
v 40 4
v 41 4
v 42 4
v 43 4
v 44 4
v 45 4
v 46 4
v 47 4
v 48 4
v 49 4
v 50 4
e 0 1 1
e 2 1 3
e 3 1 3
e 4 1 3
e 5 1 3
e 6 1 3
e 7 1 3
e 8 1 3
e 9 1 3
e 10 1 3
e 11 1 3
e 12 1 3
e 13 1 3
e 14 1 3
e 15 1 3
e 16 1 3
e 17 1 3
e 18 1 3
e 19 1 3
e 20 1 3
e 21 1 3
e 0 22 1
e 21 22 3
e 3 22 3
e 17 22 3
e 23 22 3
e 9 22 3
e 10 22 3
e 24 22 3
e 13 22 3
e 2 22 3
e 11 22 3
e 25 22 3
e 26 22 3
e 27 22 3
e 28 22 4
e 0 29 1
e 21 29 3
e 3 29 3
e 7 29 3
e 30 29 3
e 11 29 3
e 25 29 3
e 9 29 3
e 10 29 3
e 16 29 3
e 15 29 3
e 13 29 3
e 2 29 3
e 31 29 3
e 17 29 3
e 18 29 3
e 32 29 3
e 28 29 4
e 0 34 1
e 2 34 3
e 35 34 3
e 4 34 3
e 5 34 3
e 6 34 3
e 14 34 3
e 8 34 3
e 26 34 3
e 10 34 3
e 7 34 3
e 12 34 3
e 36 34 3
e 16 34 3
e 17 34 3
e 18 34 3
e 19 34 3
e 0 38 6
e 0 39 6
e 0 40 6
e 0 41 6
e 0 42 6
e 0 43 6
e 0 44 6
e 0 45 6
e 0 46 6
e 0 47 6
e 0 48 6
e 0 49 6
e 0 50 6
e 10 38 7
e 14 38 7
e 32 39 7
e 10 39 7
e 18 39 7
e 26 40 7
e 9 40 7
e 17 40 7
e 26 40 7
e 11 40 7
e 26 40 7
e 10 41 7
e 11 41 7
e 8 43 7
e 18 43 7
e 8 43 7
e 10 43 7
e 10 43 7
e 11 43 7
e 9 43 7
e 10 43 7
e 9 43 7
e 9 43 7
e 11 43 7
e 3 44 7
e 16 44 7
e 14 45 7
e 13 46 7
e 10 46 7
e 10 46 7
e 16 47 7
e 13 47 7
e 25 47 7
e 18 47 7
e 10 47 7
e 10 47 7
e 18 47 7
e 18 48 7
e 11 48 7
e 6 48 7
e 18 49 7
e 26 49 7
e 26 49 7
e 18 50 7
e 10 50 7
e 2 38 6
e 3 38 6
e 6 38 6
e 7 38 6
e 8 38 6
e 9 38 6
e 10 38 6
e 11 38 6
e 14 38 6
e 17 38 6
e 18 38 6
e 21 39 6
e 3 39 6
e 7 39 6
e 11 39 6
e 10 39 6
e 13 39 6
e 17 39 6
e 32 39 6
e 21 40 6
e 17 40 6
e 23 40 6
e 9 40 6
e 10 40 6
e 13 40 6
e 25 40 6
e 26 40 6
e 2 41 6
e 3 41 6
e 6 41 6
e 7 41 6
e 8 41 6
e 9 41 6
e 10 41 6
e 11 41 6
e 17 41 6
e 18 41 6
e 20 41 6
e 2 42 6
e 4 42 6
e 5 42 6
e 6 42 6
e 14 42 6
e 8 42 6
e 26 42 6
e 7 42 6
e 36 42 6
e 18 42 6
e 2 43 6
e 3 43 6
e 7 43 6
e 8 43 6
e 9 43 6
e 10 43 6
e 11 43 6
e 13 43 6
e 14 43 6
e 17 43 6
e 18 43 6
e 2 44 6
e 3 44 6
e 6 44 6
e 7 44 6
e 8 44 6
e 9 44 6
e 10 44 6
e 11 44 6
e 14 44 6
e 17 44 6
e 18 44 6
e 2 45 6
e 4 45 6
e 5 45 6
e 6 45 6
e 14 45 6
e 8 45 6
e 10 45 6
e 7 45 6
e 36 45 6
e 18 45 6
e 21 46 6
e 3 46 6
e 11 46 6
e 10 46 6
e 13 46 6
e 17 46 6
e 18 46 6
e 32 46 6
e 21 47 6
e 3 47 6
e 11 47 6
e 10 47 6
e 16 47 6
e 13 47 6
e 17 47 6
e 18 47 6
e 32 47 6
e 2 48 6
e 3 48 6
e 6 48 6
e 7 48 6
e 8 48 6
e 9 48 6
e 10 48 6
e 11 48 6
e 14 48 6
e 17 48 6
e 18 48 6
e 33 50 6
e 2 49 6
e 35 49 6
e 4 49 6
e 5 49 6
e 6 49 6
e 14 49 6
e 26 49 6
e 18 49 6
e 19 49 6
e 21 50 6
e 3 50 6
e 11 50 6
e 25 50 6
e 10 50 6
e 13 50 6
e 17 50 6
e 18 50 6
e 32 50 6
e 16 38 6
e 19 38 6
e 30 39 6
e 18 39 6
e 11 40 6
e 24 40 6
e 19 41 6
e 16 41 6
e 35 42 6
e 20 43 6
e 4 43 6
e 19 44 6
e 16 44 6
e 13 44 6
e 26 45 6
e 19 45 6
e 9 46 6
e 7 46 6
e 30 46 6
e 25 47 6
e 30 47 6
e 31 47 6
e 16 48 6
e 13 48 6
e 17 49 6
e 10 0 8
e 3 0 8
e 17 0 8
e 13 0 8
e 23 0 8
e 11 0 8
e 2 0 8
e 27 0 8
e 21 0 8
e 25 0 8
e 24 0 8
e 9 0 8
e 26 0 8
e 19 0 8
e 7 0 8
e 6 0 8
e 35 0 8
e 8 0 8
e 16 0 8
e 18 0 8
e 12 0 8
e 36 0 8
e 5 0 8
e 4 0 8
e 14 0 8
e 31 0 8
e 15 0 8
e 32 0 8
e 30 0 8
e 37 0 8
e 20 0 8

t # 23 48
v 0 1
v 1 2
v 2 3
v 3 3
v 4 3
v 5 3
v 6 3
v 7 3
v 8 3
v 9 3
v 10 3
v 11 3
v 12 3
v 13 3
v 14 3
v 15 3
v 16 3
v 17 3
v 18 3
v 19 3
v 20 3
v 21 3
v 22 3
v 23 3
v 24 3
v 25 2
v 26 3
v 27 3
v 28 3
v 29 3
v 30 3
v 31 3
v 32 3
v 33 3
v 34 3
v 35 3
v 36 3
v 37 3
v 38 3
v 39 3
v 40 3
v 41 3
v 42 3
v 43 3
v 44 4
v 45 4
v 46 4
v 47 4
e 0 1 1
e 2 1 3
e 3 1 3
e 4 1 3
e 5 1 3
e 6 1 3
e 7 1 3
e 8 1 3
e 9 1 3
e 10 1 3
e 11 1 3
e 12 1 3
e 13 1 3
e 14 1 3
e 15 1 3
e 16 1 3
e 17 1 3
e 18 1 3
e 19 1 3
e 20 1 3
e 21 1 3
e 22 1 4
e 0 25 1
e 2 25 3
e 9 25 3
e 26 25 3
e 27 25 3
e 28 25 3
e 29 25 3
e 30 25 3
e 10 25 3
e 31 25 3
e 12 25 3
e 32 25 3
e 33 25 3
e 17 25 3
e 34 25 3
e 35 25 3
e 4 25 3
e 36 25 3
e 7 25 3
e 37 25 3
e 22 25 4
e 0 45 6
e 0 46 6
e 0 44 6
e 0 47 6
e 34 46 7
e 38 47 7
e 38 47 7
e 3 44 7
e 24 46 7
e 2 45 6
e 3 45 6
e 5 45 6
e 9 45 6
e 13 45 6
e 14 45 6
e 15 45 6
e 17 45 6
e 18 45 6
e 19 45 6
e 20 45 6
e 2 46 6
e 9 46 6
e 27 46 6
e 28 46 6
e 29 46 6
e 12 46 6
e 32 46 6
e 17 46 6
e 36 46 6
e 7 46 6
e 37 46 6
e 38 47 6
e 2 44 6
e 3 44 6
e 5 44 6
e 9 44 6
e 13 44 6
e 14 44 6
e 15 44 6
e 17 44 6
e 18 44 6
e 19 44 6
e 20 44 6
e 2 47 6
e 9 47 6
e 26 47 6
e 27 47 6
e 28 47 6
e 12 47 6
e 32 47 6
e 17 47 6
e 36 47 6
e 7 47 6
e 37 47 6
e 23 44 6
e 16 45 6
e 11 45 6
e 8 45 6
e 34 46 6
e 30 46 6
e 39 47 6
e 4 44 6
e 10 44 6
e 11 44 6
e 30 47 6
e 29 47 6
e 34 47 6
e 7 0 8
e 28 0 8
e 30 0 8
e 32 0 8
e 4 0 8
e 10 0 8
e 29 0 8
e 9 0 8
e 26 0 8
e 37 0 8
e 34 0 8
e 35 0 8
e 36 0 8
e 31 0 8
e 27 0 8
e 2 0 8
e 12 0 8
e 33 0 8
e 17 0 8
e 13 0 8
e 3 0 8
e 21 0 8
e 18 0 8
e 16 0 8
e 20 0 8
e 5 0 8
e 8 0 8
e 19 0 8
e 15 0 8
e 14 0 8
e 11 0 8
e 6 0 8
e 40 0 8
e 41 0 8
e 43 0 8
e 42 0 8

t # 24 51
v 0 1
v 1 3
v 2 2
v 3 3
v 4 3
v 5 3
v 6 3
v 7 3
v 8 3
v 9 3
v 10 3
v 11 3
v 12 3
v 13 3
v 14 3
v 15 3
v 16 3
v 17 3
v 18 3
v 19 3
v 20 3
v 21 3
v 22 3
v 23 3
v 24 3
v 25 2
v 26 3
v 27 3
v 28 3
v 29 3
v 30 3
v 31 3
v 32 3
v 33 3
v 34 3
v 35 3
v 36 3
v 37 3
v 38 3
v 39 3
v 40 3
v 41 3
v 42 3
v 43 3
v 44 4
v 45 4
v 46 4
v 47 4
v 48 4
v 49 4
v 50 4
e 0 2 1
e 3 2 3
e 4 2 3
e 5 2 3
e 6 2 3
e 7 2 3
e 8 2 3
e 9 2 3
e 10 2 3
e 11 2 3
e 12 2 3
e 13 2 3
e 14 2 3
e 15 2 3
e 16 2 3
e 17 2 3
e 18 2 3
e 19 2 3
e 20 2 3
e 21 2 3
e 22 2 3
e 23 2 4
e 0 25 1
e 26 25 3
e 27 25 3
e 28 25 3
e 29 25 3
e 30 25 3
e 31 25 3
e 20 25 3
e 16 25 3
e 24 25 3
e 32 25 3
e 33 25 3
e 3 25 3
e 34 25 3
e 35 25 3
e 36 25 3
e 37 25 3
e 38 25 3
e 9 25 3
e 39 25 4
e 0 45 6
e 0 50 6
e 0 44 6
e 0 46 6
e 0 47 6
e 0 48 6
e 0 49 6
e 24 45 7
e 30 46 7
e 9 46 7
e 32 47 7
e 33 47 7
e 24 47 7
e 24 47 7
e 24 47 7
e 11 48 7
e 5 48 7
e 11 49 7
e 26 45 6
e 31 45 6
e 28 45 6
e 27 45 6
e 37 45 6
e 16 45 6
e 32 45 6
e 33 45 6
e 35 45 6
e 20 45 6
e 24 45 6
e 1 48 6
e 26 50 6
e 34 50 6
e 30 50 6
e 28 50 6
e 35 50 6
e 32 50 6
e 29 50 6
e 16 50 6
e 33 50 6
e 20 50 6
e 24 50 6
e 3 44 6
e 6 44 6
e 7 44 6
e 9 44 6
e 10 44 6
e 11 44 6
e 12 44 6
e 15 44 6
e 16 44 6
e 17 44 6
e 22 44 6
e 26 46 6
e 34 46 6
e 30 46 6
e 28 46 6
e 16 46 6
e 32 46 6
e 29 46 6
e 33 46 6
e 35 46 6
e 20 46 6
e 24 46 6
e 26 47 6
e 31 47 6
e 30 47 6
e 28 47 6
e 37 47 6
e 16 47 6
e 29 47 6
e 32 47 6
e 33 47 6
e 20 47 6
e 24 47 6
e 3 48 6
e 4 48 6
e 5 48 6
e 6 48 6
e 7 48 6
e 9 48 6
e 11 48 6
e 15 48 6
e 17 48 6
e 18 48 6
e 21 48 6
e 3 49 6
e 6 49 6
e 7 49 6
e 9 49 6
e 10 49 6
e 11 49 6
e 12 49 6
e 15 49 6
e 16 49 6
e 17 49 6
e 22 49 6
e 29 45 6
e 36 45 6
e 36 50 6
e 37 50 6
e 4 44 6
e 20 44 6
e 19 44 6
e 27 46 6
e 9 46 6
e 34 47 6
e 38 47 6
e 19 48 6
e 4 49 6
e 5 49 6
e 20 49 6
e 30 0 8
e 37 0 8
e 32 0 8
e 3 0 8
e 24 0 8
e 29 0 8
e 16 0 8
e 36 0 8
e 9 0 8
e 20 0 8
e 34 0 8
e 38 0 8
e 33 0 8
e 26 0 8
e 31 0 8
e 35 0 8
e 27 0 8
e 28 0 8
e 41 0 8
e 40 0 8
e 43 0 8
e 42 0 8
e 10 0 8
e 7 0 8
e 14 0 8
e 18 0 8
e 4 0 8
e 22 0 8
e 17 0 8
e 5 0 8
e 11 0 8
e 8 0 8
e 6 0 8
e 15 0 8
e 12 0 8
e 19 0 8
e 21 0 8
e 13 0 8

t # 25 51
v 0 1
v 1 2
v 2 3
v 3 3
v 4 3
v 5 3
v 6 3
v 7 3
v 8 3
v 9 3
v 10 3
v 11 3
v 12 3
v 13 3
v 14 2
v 15 3
v 16 3
v 17 3
v 18 3
v 19 3
v 20 3
v 21 3
v 22 3
v 23 3
v 24 3
v 25 3
v 26 3
v 27 3
v 28 3
v 29 3
v 30 3
v 31 3
v 32 3
v 33 3
v 34 3
v 35 2
v 36 3
v 37 3
v 38 3
v 39 3
v 40 3
v 41 3
v 42 3
v 43 3
v 44 3
v 45 3
v 46 3
v 47 4
v 48 4
v 49 4
v 50 4
e 0 1 1
e 2 1 3
e 3 1 3
e 4 1 3
e 5 1 3
e 6 1 3
e 7 1 3
e 8 1 3
e 9 1 3
e 10 1 3
e 11 1 3
e 12 1 3
e 13 1 4
e 0 14 1
e 15 14 3
e 16 14 3
e 17 14 3
e 18 14 3
e 19 14 3
e 20 14 3
e 21 14 3
e 5 14 3
e 22 14 3
e 23 14 3
e 24 14 3
e 25 14 3
e 26 14 3
e 27 14 3
e 28 14 3
e 29 14 3
e 30 14 3
e 31 14 3
e 32 14 3
e 33 14 3
e 13 14 4
e 0 35 1
e 32 35 3
e 16 35 3
e 36 35 3
e 17 35 3
e 37 35 3
e 38 35 3
e 23 35 3
e 29 35 3
e 28 35 3
e 33 35 3
e 31 35 3
e 24 35 3
e 39 35 3
e 40 35 3
e 41 35 3
e 26 35 3
e 30 35 3
e 42 35 3
e 43 35 3
e 44 35 3
e 45 35 3
e 46 35 3
e 13 35 4
e 0 49 6
e 0 47 6
e 0 48 6
e 0 50 6
e 33 50 7
e 5 50 7
e 32 49 6
e 16 49 6
e 17 49 6
e 37 49 6
e 38 49 6
e 23 49 6
e 28 49 6
e 33 49 6
e 31 49 6
e 39 49 6
e 30 49 6
e 32 47 6
e 16 47 6
e 17 47 6
e 38 47 6
e 23 47 6
e 28 47 6
e 33 47 6
e 31 47 6
e 41 47 6
e 30 47 6
e 43 47 6
e 32 48 6
e 17 48 6
e 18 48 6
e 19 48 6
e 5 48 6
e 22 48 6
e 23 48 6
e 27 48 6
e 30 48 6
e 31 48 6
e 33 48 6
e 32 50 6
e 16 50 6
e 17 50 6
e 18 50 6
e 19 50 6
e 21 50 6
e 5 50 6
e 23 50 6
e 30 50 6
e 31 50 6
e 33 50 6
e 40 49 6
e 36 49 6
e 37 47 6
e 44 47 6
e 25 48 6
e 16 48 6
e 29 48 6
e 34 49 6
e 22 50 6
e 28 50 6
e 27 50 6
e 8 0 8
e 5 0 8
e 2 0 8
e 12 0 8
e 9 0 8
e 6 0 8
e 11 0 8
e 4 0 8
e 3 0 8
e 10 0 8
e 7 0 8
e 43 0 8
e 29 0 8
e 44 0 8
e 46 0 8
e 28 0 8
e 36 0 8
e 42 0 8
e 17 0 8
e 23 0 8
e 24 0 8
e 16 0 8
e 40 0 8
e 37 0 8
e 45 0 8
e 31 0 8
e 38 0 8
e 39 0 8
e 41 0 8
e 30 0 8
e 26 0 8
e 33 0 8
e 32 0 8
e 25 0 8
e 19 0 8
e 21 0 8
e 15 0 8
e 18 0 8
e 22 0 8
e 20 0 8
e 27 0 8

t # 26 48
v 0 1
v 1 2
v 2 3
v 3 3
v 4 3
v 5 3
v 6 3
v 7 3
v 8 3
v 9 3
v 10 3
v 11 3
v 12 3
v 13 3
v 14 3
v 15 3
v 16 3
v 17 3
v 18 3
v 19 3
v 20 3
v 21 3
v 22 3
v 23 3
v 24 3
v 25 3
v 26 3
v 27 2
v 28 3
v 29 3
v 30 3
v 31 3
v 32 3
v 33 3
v 34 3
v 35 3
v 36 3
v 37 3
v 38 3
v 39 3
v 40 3
v 41 3
v 42 4
v 43 4
v 44 4
v 45 4
v 46 4
v 47 4
e 0 1 1
e 2 1 3
e 3 1 3
e 4 1 3
e 5 1 3
e 6 1 3
e 7 1 3
e 8 1 3
e 9 1 3
e 10 1 3
e 11 1 3
e 12 1 3
e 13 1 3
e 14 1 3
e 15 1 3
e 16 1 3
e 17 1 3
e 18 1 3
e 19 1 3
e 20 1 3
e 21 1 3
e 22 1 3
e 23 1 4
e 0 27 1
e 28 27 3
e 29 27 3
e 4 27 3
e 5 27 3
e 30 27 3
e 7 27 3
e 18 27 3
e 31 27 3
e 21 27 3
e 11 27 3
e 8 27 3
e 13 27 3
e 32 27 3
e 6 27 3
e 16 27 3
e 17 27 3
e 33 27 3
e 34 27 3
e 35 27 3
e 36 27 3
e 37 27 3
e 38 27 3
e 39 27 3
e 40 27 4
e 0 43 6
e 0 46 6
e 0 42 6
e 0 44 6
e 0 45 6
e 0 47 6
e 7 46 7
e 24 43 7
e 17 44 7
e 8 44 7
e 17 45 7
e 25 42 6
e 13 43 6
e 4 43 6
e 5 43 6
e 6 43 6
e 7 43 6
e 8 43 6
e 9 43 6
e 10 43 6
e 11 43 6
e 15 43 6
e 17 43 6
e 28 46 6
e 4 46 6
e 5 46 6
e 7 46 6
e 21 46 6
e 11 46 6
e 8 46 6
e 32 46 6
e 6 46 6
e 17 46 6
e 33 46 6
e 13 42 6
e 4 42 6
e 5 42 6
e 6 42 6
e 8 42 6
e 10 42 6
e 12 42 6
e 14 42 6
e 15 42 6
e 19 42 6
e 20 42 6
e 24 43 6
e 4 44 6
e 5 44 6
e 7 44 6
e 18 44 6
e 21 44 6
e 11 44 6
e 13 44 6
e 32 44 6
e 6 44 6
e 17 44 6
e 33 44 6
e 4 45 6
e 5 45 6
e 7 45 6
e 21 45 6
e 11 45 6
e 8 45 6
e 13 45 6
e 32 45 6
e 6 45 6
e 17 45 6
e 33 45 6
e 4 47 6
e 5 47 6
e 7 47 6
e 18 47 6
e 21 47 6
e 11 47 6
e 32 47 6
e 6 47 6
e 17 47 6
e 33 47 6
e 38 47 6
e 19 43 6
e 14 43 6
e 18 43 6
e 26 44 6
e 16 46 6
e 18 46 6
e 34 46 6
e 21 42 6
e 11 42 6
e 8 44 6
e 37 44 6
e 16 44 6
e 18 45 6
e 16 45 6
e 35 45 6
e 41 46 6
e 28 47 6
e 8 47 6
e 35 47 6
e 34 0 8
e 6 0 8
e 28 0 8
e 21 0 8
e 5 0 8
e 13 0 8
e 35 0 8
e 30 0 8
e 18 0 8
e 4 0 8
e 29 0 8
e 33 0 8
e 37 0 8
e 16 0 8
e 17 0 8
e 8 0 8
e 36 0 8
e 7 0 8
e 38 0 8
e 39 0 8
e 31 0 8
e 11 0 8
e 32 0 8
e 3 0 8
e 22 0 8
e 10 0 8
e 20 0 8
e 15 0 8
e 9 0 8
e 12 0 8
e 2 0 8
e 19 0 8
e 14 0 8

t # 27 51
v 0 3
v 1 3
v 2 3
v 3 3
v 4 3
v 5 2
v 6 3
v 7 3
v 8 3
v 9 3
v 10 3
v 11 3
v 12 3
v 13 3
v 14 3
v 15 3
v 16 3
v 17 3
v 18 2
v 19 3
v 20 3
v 21 3
v 22 3
v 23 3
v 24 3
v 25 3
v 26 3
v 27 3
v 28 2
v 29 3
v 30 3
v 31 3
v 32 3
v 33 3
v 34 3
v 35 3
v 36 3
v 37 3
v 38 3
v 39 3
v 40 4
v 41 4
v 42 4
v 43 4
v 44 4
v 45 4
v 46 4
v 47 4
v 48 4
v 49 4
v 50 4
e 2 5 3
e 6 5 3
e 0 5 3
e 7 5 3
e 8 5 3
e 9 5 3
e 10 5 3
e 1 5 3
e 11 5 3
e 12 5 3
e 13 5 3
e 14 5 3
e 15 5 3
e 16 5 3
e 4 5 3
e 3 5 3
e 17 5 3
e 2 18 3
e 19 18 3
e 0 18 3
e 7 18 3
e 8 18 3
e 20 18 3
e 10 18 3
e 1 18 3
e 11 18 3
e 12 18 3
e 13 18 3
e 21 18 3
e 15 18 3
e 16 18 3
e 22 18 3
e 23 18 3
e 3 18 3
e 24 18 3
e 25 18 3
e 26 18 3
e 27 18 4
e 24 28 3
e 22 28 3
e 29 28 3
e 7 28 3
e 8 28 3
e 30 28 3
e 11 28 3
e 31 28 3
e 32 28 3
e 33 28 3
e 34 28 3
e 21 28 3
e 23 28 3
e 35 28 3
e 36 28 3
e 37 28 3
e 38 28 3
e 1 28 3
e 13 28 3
e 15 28 3
e 16 28 3
e 39 28 3
e 26 28 3
e 27 28 4
e 13 43 7
e 36 43 7
e 35 43 7
e 34 43 7
e 13 43 7
e 34 43 7
e 36 43 7
e 13 43 7
e 15 43 7
e 13 43 7
e 38 43 7
e 13 43 7
e 1 43 7
e 15 44 7
e 36 44 7
e 1 46 7
e 8 46 7
e 1 47 7
e 1 47 7
e 12 47 7
e 1 47 7
e 16 47 7
e 15 48 7
e 26 48 7
e 15 48 7
e 1 50 7
e 23 50 7
e 1 50 7
e 15 40 7
e 15 40 7
e 35 42 7
e 3 45 7
e 26 49 7
e 13 49 7
e 2 41 6
e 19 41 6
e 7 41 6
e 1 41 6
e 11 41 6
e 12 41 6
e 21 41 6
e 15 41 6
e 23 41 6
e 25 41 6
e 26 41 6
e 24 43 6
e 34 43 6
e 8 43 6
e 30 43 6
e 23 43 6
e 35 43 6
e 13 43 6
e 15 43 6
e 36 43 6
e 16 43 6
e 33 43 6
e 24 44 6
e 34 44 6
e 7 44 6
e 8 44 6
e 30 44 6
e 23 44 6
e 13 44 6
e 15 44 6
e 36 44 6
e 16 44 6
e 33 44 6
e 2 46 6
e 7 46 6
e 1 46 6
e 11 46 6
e 12 46 6
e 13 46 6
e 21 46 6
e 15 46 6
e 16 46 6
e 23 46 6
e 25 46 6
e 2 47 6
e 7 47 6
e 1 47 6
e 11 47 6
e 12 47 6
e 13 47 6
e 21 47 6
e 15 47 6
e 16 47 6
e 23 47 6
e 25 47 6
e 2 48 6
e 19 48 6
e 7 48 6
e 1 48 6
e 11 48 6
e 12 48 6
e 15 48 6
e 23 48 6
e 3 48 6
e 25 48 6
e 26 48 6
e 24 50 6
e 38 50 6
e 7 50 6
e 21 50 6
e 30 50 6
e 23 50 6
e 35 50 6
e 1 50 6
e 11 50 6
e 31 50 6
e 26 50 6
e 24 40 6
e 34 40 6
e 7 40 6
e 8 40 6
e 30 40 6
e 23 40 6
e 13 40 6
e 15 40 6
e 36 40 6
e 16 40 6
e 33 40 6
e 24 42 6
e 34 42 6
e 7 42 6
e 8 42 6
e 30 42 6
e 35 42 6
e 13 42 6
e 15 42 6
e 36 42 6
e 16 42 6
e 33 42 6
e 2 45 6
e 0 45 6
e 9 45 6
e 10 45 6
e 1 45 6
e 11 45 6
e 12 45 6
e 15 45 6
e 3 45 6
e 24 49 6
e 7 49 6
e 8 49 6
e 30 49 6
e 23 49 6
e 35 49 6
e 13 49 6
e 36 49 6
e 16 49 6
e 33 49 6
e 26 49 6
e 10 41 6
e 3 41 6
e 13 41 6
e 1 43 6
e 26 43 6
e 38 43 6
e 11 44 6
e 26 44 6
e 1 44 6
e 8 46 6
e 3 46 6
e 19 46 6
e 8 47 6
e 3 47 6
e 0 47 6
e 16 48 6
e 13 48 6
e 21 48 6
e 39 50 6
e 37 50 6
e 32 50 6
e 35 40 6
e 1 40 6
e 26 40 6
e 1 42 6
e 26 42 6
e 38 42 6
e 13 45 6
e 14 45 6
e 8 45 6
e 34 49 6
e 1 49 6
e 11 49 6

t # 28 49
v 0 1
v 1 3
v 2 2
v 3 3
v 4 3
v 5 3
v 6 3
v 7 3
v 8 3
v 9 3
v 10 3
v 11 3
v 12 3
v 13 3
v 14 3
v 15 3
v 16 3
v 17 3
v 18 3
v 19 3
v 20 3
v 21 3
v 22 3
v 23 3
v 24 3
v 25 3
v 26 3
v 27 3
v 28 2
v 29 3
v 30 3
v 31 3
v 32 3
v 33 3
v 34 3
v 35 3
v 36 3
v 37 3
v 38 3
v 39 3
v 40 3
v 41 3
v 42 3
v 43 3
v 44 4
v 45 4
v 46 4
v 47 4
v 48 4
e 0 2 1
e 3 2 3
e 4 2 3
e 5 2 3
e 6 2 3
e 7 2 3
e 8 2 3
e 9 2 3
e 10 2 3
e 11 2 3
e 12 2 3
e 13 2 3
e 14 2 3
e 15 2 3
e 16 2 3
e 17 2 3
e 18 2 3
e 19 2 3
e 20 2 3
e 21 2 3
e 22 2 3
e 23 2 3
e 24 2 3
e 25 2 3
e 26 2 4
e 1 28 3
e 29 28 3
e 30 28 3
e 31 28 3
e 32 28 3
e 33 28 3
e 34 28 3
e 35 28 3
e 36 28 3
e 37 28 3
e 38 28 3
e 39 28 3
e 40 28 3
e 41 28 3
e 42 28 3
e 43 28 3
e 0 48 6
e 0 46 6
e 0 47 6
e 15 48 7
e 9 48 7
e 25 48 7
e 23 46 7
e 22 47 7
e 43 48 7
e 3 48 7
e 41 48 7
e 1 44 6
e 29 44 6
e 30 44 6
e 32 44 6
e 35 44 6
e 40 44 6
e 36 44 6
e 41 44 6
e 33 44 6
e 37 44 6
e 38 44 6
e 27 46 6
e 3 48 6
e 6 48 6
e 7 48 6
e 8 48 6
e 9 48 6
e 15 48 6
e 16 48 6
e 17 48 6
e 20 48 6
e 22 48 6
e 25 48 6
e 27 44 6
e 1 45 6
e 29 45 6
e 30 45 6
e 31 45 6
e 32 45 6
e 35 45 6
e 40 45 6
e 36 45 6
e 41 45 6
e 37 45 6
e 38 45 6
e 3 46 6
e 6 46 6
e 8 46 6
e 9 46 6
e 10 46 6
e 15 46 6
e 16 46 6
e 20 46 6
e 21 46 6
e 25 46 6
e 19 46 6
e 3 47 6
e 7 47 6
e 8 47 6
e 9 47 6
e 15 47 6
e 16 47 6
e 20 47 6
e 12 47 6
e 18 47 6
e 22 47 6
e 25 47 6
e 1 48 6
e 29 48 6
e 30 48 6
e 34 48 6
e 32 48 6
e 35 48 6
e 40 48 6
e 36 48 6
e 41 48 6
e 38 48 6
e 42 48 6
e 34 44 6
e 42 44 6
e 12 48 6
e 24 48 6
e 42 45 6
e 34 45 6
e 22 46 6
e 23 46 6
e 24 46 6
e 6 47 6
e 11 47 6
e 19 47 6
e 43 48 6
e 39 48 6
e 37 48 6
e 20 0 8
e 15 0 8
e 19 0 8
e 18 0 8
e 7 0 8
e 24 0 8
e 3 0 8
e 4 0 8
e 9 0 8
e 22 0 8
e 11 0 8
e 21 0 8
e 17 0 8
e 25 0 8
e 8 0 8
e 13 0 8
e 23 0 8
e 16 0 8
e 10 0 8
e 6 0 8
e 5 0 8
e 14 0 8
e 12 0 8

t # 29 50
v 0 0
v 1 1
v 2 2
v 3 3
v 4 3
v 5 3
v 6 3
v 7 3
v 8 3
v 9 3
v 10 3
v 11 3
v 12 3
v 13 3
v 14 3
v 15 3
v 16 3
v 17 3
v 18 3
v 19 3
v 20 3
v 21 3
v 22 3
v 23 3
v 24 3
v 25 3
v 26 2
v 27 3
v 28 3
v 29 3
v 30 3
v 31 3
v 32 3
v 33 3
v 34 3
v 35 3
v 36 2
v 37 3
v 38 3
v 39 3
v 40 4
v 41 4
v 42 4
v 43 4
v 44 4
v 45 4
v 46 4
v 47 4
v 48 4
v 49 4
e 1 0 0
e 1 2 1
e 3 2 3
e 4 2 3
e 5 2 3
e 6 2 3
e 7 2 3
e 8 2 3
e 9 2 3
e 10 2 3
e 11 2 3
e 12 2 3
e 13 2 3
e 14 2 3
e 15 2 3
e 16 2 3
e 17 2 3
e 18 2 3
e 19 2 3
e 20 2 3
e 21 2 3
e 22 2 3
e 1 26 1
e 26 0 2
e 27 26 3
e 4 26 3
e 16 26 3
e 17 26 3
e 7 26 3
e 5 26 3
e 28 26 3
e 10 26 3
e 29 26 3
e 12 26 3
e 13 26 3
e 9 26 3
e 3 26 3
e 11 26 3
e 30 26 3
e 31 26 3
e 32 26 3
e 14 26 3
e 33 26 3
e 34 26 3
e 15 26 3
e 1 36 1
e 27 36 3
e 4 36 3
e 34 36 3
e 10 36 3
e 31 36 3
e 32 36 3
e 37 36 3
e 17 36 3
e 11 36 3
e 9 36 3
e 15 36 3
e 5 36 3
e 6 36 3
e 38 36 3
e 19 36 3
e 22 36 3
e 29 36 3
e 39 36 4
e 40 0 5
e 43 0 5
e 45 0 5
e 49 0 5
e 1 40 6
e 1 42 6
e 1 49 6
e 1 41 6
e 1 43 6
e 1 44 6
e 1 45 6
e 1 46 6
e 1 47 6
e 1 48 6
e 29 40 7
e 13 40 7
e 17 49 7
e 10 41 7
e 17 43 7
e 28 43 7
e 10 45 7
e 10 46 7
e 12 48 7
e 12 48 7
e 27 40 6
e 4 40 6
e 16 40 6
e 17 40 6
e 5 40 6
e 28 40 6
e 29 40 6
e 12 40 6
e 9 40 6
e 30 40 6
e 14 40 6
e 3 42 6
e 4 42 6
e 5 42 6
e 6 42 6
e 7 42 6
e 8 42 6
e 9 42 6
e 10 42 6
e 12 42 6
e 14 42 6
e 17 42 6
e 25 45 6
e 27 49 6
e 4 49 6
e 16 49 6
e 17 49 6
e 7 49 6
e 5 49 6
e 10 49 6
e 29 49 6
e 12 49 6
e 13 49 6
e 9 49 6
e 27 41 6
e 10 41 6
e 31 41 6
e 32 41 6
e 17 41 6
e 9 41 6
e 6 41 6
e 38 41 6
e 29 41 6
e 27 43 6
e 4 43 6
e 16 43 6
e 17 43 6
e 7 43 6
e 5 43 6
e 10 43 6
e 29 43 6
e 12 43 6
e 13 43 6
e 11 43 6
e 3 44 6
e 4 44 6
e 5 44 6
e 6 44 6
e 7 44 6
e 8 44 6
e 9 44 6
e 11 44 6
e 12 44 6
e 14 44 6
e 17 44 6
e 27 45 6
e 4 45 6
e 16 45 6
e 17 45 6
e 7 45 6
e 5 45 6
e 10 45 6
e 12 45 6
e 13 45 6
e 9 45 6
e 11 45 6
e 27 46 6
e 34 46 6
e 10 46 6
e 31 46 6
e 32 46 6
e 17 46 6
e 6 46 6
e 27 47 6
e 4 47 6
e 34 47 6
e 10 47 6
e 31 47 6
e 32 47 6
e 17 47 6
e 11 47 6
e 6 47 6
e 29 47 6
e 3 48 6
e 4 48 6
e 5 48 6
e 6 48 6
e 7 48 6
e 8 48 6
e 9 48 6
e 10 48 6
e 11 48 6
e 12 48 6
e 13 48 6
e 13 40 6
e 11 40 6
e 32 40 6
e 13 42 6
e 23 44 6
e 31 49 6
e 34 49 6
e 14 49 6
e 11 41 6
e 19 41 6
e 5 41 6
e 9 43 6
e 28 43 6
e 30 43 6
e 13 44 6
e 19 44 6
e 29 45 6
e 30 45 6
e 29 46 6
e 4 46 6
e 9 46 6
e 17 48 6
e 21 48 6
e 24 49 6
e 17 1 8
e 27 1 8
e 31 1 8
e 22 1 8
e 9 1 8
e 29 1 8
e 34 1 8
e 4 1 8
e 33 1 8
e 10 1 8
e 12 1 8
e 15 1 8
e 13 1 8
e 16 1 8
e 11 1 8
e 32 1 8
e 7 1 8
e 30 1 8
e 28 1 8
e 14 1 8
e 5 1 8
e 3 1 8
e 21 1 8
e 8 1 8
e 19 1 8
e 6 1 8
e 18 1 8
e 20 1 8
e 37 1 8
e 38 1 8
e 35 1 8

t # 30 48
v 0 3
v 1 3
v 2 3
v 3 3
v 4 3
v 5 3
v 6 3
v 7 3
v 8 3
v 9 3
v 10 3
v 11 2
v 12 3
v 13 3
v 14 3
v 15 3
v 16 3
v 17 3
v 18 3
v 19 3
v 20 3
v 21 3
v 22 3
v 23 3
v 24 3
v 25 3
v 26 3
v 27 3
v 28 3
v 29 3
v 30 3
v 31 2
v 32 3
v 33 3
v 34 3
v 35 3
v 36 3
v 37 3
v 38 3
v 39 3
v 40 3
v 41 3
v 42 3
v 43 3
v 44 4
v 45 4
v 46 4
v 47 4
e 12 11 3
e 13 11 3
e 14 11 3
e 15 11 3
e 16 11 3
e 17 11 3
e 18 11 3
e 19 11 3
e 20 11 3
e 21 11 3
e 22 11 3
e 2 11 3
e 23 11 3
e 24 11 3
e 25 11 3
e 32 31 3
e 6 31 3
e 7 31 3
e 33 31 3
e 34 31 3
e 35 31 3
e 36 31 3
e 37 31 3
e 38 31 3
e 5 31 3
e 39 31 3
e 40 31 3
e 41 31 3
e 9 31 3
e 10 31 3
e 8 31 3
e 42 31 3
e 43 31 4
e 10 47 7
e 6 44 7
e 6 45 7
e 0 44 6
e 4 44 6
e 3 44 6
e 0 45 6
e 1 45 6
e 4 45 6
e 12 46 6
e 14 46 6
e 19 46 6
e 23 46 6
e 24 46 6
e 25 46 6
e 17 46 6
e 6 47 6
e 7 47 6
e 41 47 6
e 10 47 6
e 36 47 6
e 5 47 6
e 42 47 6
e 6 44 6
e 38 44 6
e 33 44 6
e 41 44 6
e 10 44 6
e 8 44 6
e 34 44 6
e 5 45 6
e 6 45 6
e 8 45 6
e 10 45 6
e 6 46 6
e 38 46 6
e 33 46 6
e 8 46 6
e 34 46 6
e 37 46 6
e 39 46 6
e 26 47 6
e 27 47 6
e 30 44 6
e 29 44 6
e 3 45 6
e 2 46 6
e 22 46 6
e 20 46 6
e 9 47 6
e 37 47 6
e 42 44 6
e 39 44 6
e 37 44 6
e 9 45 6
e 5 46 6
e 41 46 6
e 28 47 6

t # 31 51
v 0 1
v 1 2
v 2 3
v 3 3
v 4 3
v 5 3
v 6 3
v 7 3
v 8 3
v 9 3
v 10 3
v 11 3
v 12 3
v 13 3
v 14 3
v 15 2
v 16 3
v 17 3
v 18 3
v 19 3
v 20 3
v 21 3
v 22 3
v 23 3
v 24 3
v 25 3
v 26 3
v 27 3
v 28 3
v 29 3
v 30 3
v 31 2
v 32 3
v 33 3
v 34 3
v 35 3
v 36 3
v 37 3
v 38 3
v 39 3
v 40 3
v 41 2
v 42 3
v 43 3
v 44 3
v 45 3
v 46 3
v 47 3
v 48 3
v 49 4
v 50 4
e 0 1 1
e 2 1 3
e 3 1 3
e 4 1 3
e 5 1 3
e 6 1 3
e 7 1 3
e 8 1 3
e 9 1 3
e 10 1 3
e 11 1 3
e 12 1 3
e 13 1 3
e 14 1 4
e 0 15 1
e 2 15 3
e 16 15 3
e 4 15 3
e 5 15 3
e 6 15 3
e 9 15 3
e 17 15 3
e 18 15 3
e 19 15 3
e 20 15 3
e 21 15 3
e 22 15 3
e 23 15 3
e 7 15 3
e 24 15 3
e 25 15 3
e 26 15 3
e 27 15 3
e 28 15 3
e 14 15 4
e 0 31 1
e 28 31 3
e 2 31 3
e 16 31 3
e 4 31 3
e 5 31 3
e 32 31 3
e 9 31 3
e 33 31 3
e 17 31 3
e 18 31 3
e 19 31 3
e 20 31 3
e 21 31 3
e 25 31 3
e 34 31 3
e 7 31 3
e 24 31 3
e 35 31 3
e 36 31 3
e 37 31 3
e 38 31 3
e 23 31 3
e 39 31 3
e 40 31 4
e 0 41 1
e 28 41 3
e 42 41 3
e 43 41 3
e 2 41 3
e 16 41 3
e 35 41 3
e 44 41 3
e 32 41 3
e 9 41 3
e 5 41 3
e 45 41 3
e 46 41 3
e 7 41 3
e 20 41 3
e 25 41 3
e 4 41 3
e 37 41 3
e 47 41 3
e 23 41 3
e 18 41 3
e 21 41 3
e 24 41 3
e 48 41 3
e 0 49 6
e 0 50 6
e 17 50 7
e 28 49 6
e 2 49 6
e 4 49 6
e 5 49 6
e 32 49 6
e 9 49 6
e 17 49 6
e 18 49 6
e 20 49 6
e 7 49 6
e 24 49 6
e 2 50 6
e 16 50 6
e 4 50 6
e 5 50 6
e 6 50 6
e 9 50 6
e 17 50 6
e 18 50 6
e 20 50 6
e 25 50 6
e 25 49 6
e 21 49 6
e 33 49 6
e 24 50 6
e 7 50 6
e 24 0 8
e 26 0 8
e 28 0 8
e 19 0 8
e 2 0 8
e 7 0 8
e 6 0 8
e 20 0 8
e 27 0 8
e 5 0 8
e 23 0 8
e 18 0 8
e 17 0 8
e 22 0 8
e 16 0 8
e 21 0 8
e 25 0 8
e 4 0 8
e 9 0 8
e 32 0 8
e 34 0 8
e 39 0 8
e 35 0 8
e 36 0 8
e 38 0 8
e 37 0 8
e 33 0 8
e 3 0 8
e 12 0 8
e 8 0 8
e 10 0 8
e 13 0 8
e 11 0 8
e 45 0 8
e 48 0 8
e 47 0 8
e 42 0 8
e 43 0 8
e 46 0 8
e 44 0 8
e 29 0 8
e 30 0 8

t # 32 51
v 0 0
v 1 1
v 2 3
v 3 2
v 4 3
v 5 3
v 6 3
v 7 3
v 8 3
v 9 3
v 10 3
v 11 3
v 12 3
v 13 3
v 14 3
v 15 3
v 16 3
v 17 3
v 18 3
v 19 3
v 20 3
v 21 3
v 22 3
v 23 3
v 24 3
v 25 3
v 26 3
v 27 3
v 28 3
v 29 3
v 30 2
v 31 3
v 32 3
v 33 3
v 34 3
v 35 3
v 36 3
v 37 3
v 38 3
v 39 3
v 40 3
v 41 3
v 42 3
v 43 4
v 44 4
v 45 4
v 46 4
v 47 4
v 48 4
v 49 4
v 50 4
e 1 0 0
e 1 3 1
e 4 3 3
e 5 3 3
e 6 3 3
e 7 3 3
e 8 3 3
e 9 3 3
e 10 3 3
e 11 3 3
e 12 3 3
e 13 3 3
e 14 3 3
e 15 3 3
e 16 3 3
e 17 3 3
e 18 3 3
e 19 3 3
e 20 3 3
e 21 3 3
e 22 3 3
e 23 3 3
e 24 3 3
e 25 3 3
e 26 3 3
e 27 3 4
e 1 30 1
e 30 0 2
e 19 30 3
e 31 30 3
e 4 30 3
e 5 30 3
e 6 30 3
e 18 30 3
e 32 30 3
e 9 30 3
e 33 30 3
e 16 30 3
e 34 30 3
e 11 30 3
e 13 30 3
e 35 30 3
e 36 30 3
e 37 30 3
e 23 30 3
e 25 30 3
e 12 30 3
e 14 30 3
e 38 30 3
e 39 30 3
e 40 30 3
e 41 30 4
e 43 0 5
e 44 0 5
e 45 0 5
e 48 0 5
e 49 0 5
e 50 0 5
e 1 43 6
e 1 44 6
e 1 49 6
e 1 50 6
e 1 45 6
e 1 46 6
e 1 47 6
e 1 48 6
e 12 43 7
e 16 43 7
e 12 43 7
e 9 44 7
e 40 44 7
e 2 46 7
e 14 49 7
e 14 49 7
e 36 50 7
e 12 45 7
e 6 45 7
e 22 46 7
e 14 47 7
e 23 48 7
e 28 49 7
e 19 43 6
e 5 43 6
e 32 43 6
e 9 43 6
e 25 43 6
e 11 43 6
e 12 43 6
e 13 43 6
e 14 43 6
e 36 43 6
e 16 43 6
e 19 44 6
e 5 44 6
e 18 44 6
e 9 44 6
e 25 44 6
e 11 44 6
e 12 44 6
e 13 44 6
e 14 44 6
e 36 44 6
e 16 44 6
e 2 46 6
e 19 49 6
e 5 49 6
e 6 49 6
e 18 49 6
e 25 49 6
e 11 49 6
e 12 49 6
e 13 49 6
e 14 49 6
e 36 49 6
e 16 49 6
e 19 50 6
e 5 50 6
e 6 50 6
e 18 50 6
e 11 50 6
e 12 50 6
e 13 50 6
e 14 50 6
e 36 50 6
e 16 50 6
e 40 50 6
e 19 45 6
e 5 45 6
e 6 45 6
e 18 45 6
e 25 45 6
e 11 45 6
e 12 45 6
e 13 45 6
e 14 45 6
e 36 45 6
e 16 45 6
e 4 46 6
e 5 46 6
e 6 46 6
e 7 46 6
e 9 46 6
e 10 46 6
e 11 46 6
e 12 46 6
e 13 46 6
e 14 46 6
e 18 46 6
e 4 47 6
e 5 47 6
e 6 47 6
e 7 47 6
e 8 47 6
e 9 47 6
e 10 47 6
e 11 47 6
e 12 47 6
e 13 47 6
e 14 47 6
e 19 48 6
e 5 48 6
e 6 48 6
e 32 48 6
e 25 48 6
e 11 48 6
e 12 48 6
e 13 48 6
e 14 48 6
e 36 48 6
e 16 48 6
e 28 49 6
e 40 43 6
e 23 43 6
e 18 43 6
e 23 44 6
e 40 44 6
e 38 44 6
e 42 45 6
e 40 49 6
e 32 49 6
e 23 49 6
e 23 50 6
e 25 50 6
e 40 45 6
e 9 45 6
e 23 45 6
e 22 46 6
e 20 46 6
e 25 47 6
e 20 47 6
e 22 47 6
e 18 48 6
e 23 48 6
e 40 48 6
e 29 50 6
e 31 1 8
e 35 1 8
e 18 1 8
e 25 1 8
e 11 1 8
e 9 1 8
e 32 1 8
e 37 1 8
e 14 1 8
e 13 1 8
e 23 1 8
e 33 1 8
e 4 1 8
e 5 1 8
e 6 1 8
e 19 1 8
e 34 1 8
e 38 1 8
e 16 1 8
e 39 1 8
e 12 1 8
e 36 1 8
e 40 1 8
e 17 1 8
e 20 1 8
e 7 1 8
e 24 1 8
e 10 1 8
e 22 1 8
e 21 1 8
e 15 1 8
e 26 1 8
e 8 1 8

t # 33 51
v 0 1
v 1 3
v 2 3
v 3 3
v 4 3
v 5 3
v 6 3
v 7 3
v 8 3
v 9 3
v 10 2
v 11 3
v 12 3
v 13 3
v 14 3
v 15 3
v 16 3
v 17 3
v 18 3
v 19 3
v 20 2
v 21 3
v 22 3
v 23 3
v 24 3
v 25 3
v 26 3
v 27 3
v 28 3
v 29 2
v 30 3
v 31 3
v 32 3
v 33 3
v 34 3
v 35 3
v 36 3
v 37 3
v 38 3
v 39 3
v 40 3
v 41 3
v 42 3
v 43 4
v 44 4
v 45 4
v 46 4
v 47 4
v 48 4
v 49 4
v 50 4
e 0 10 1
e 11 10 3
e 12 10 3
e 9 10 3
e 1 10 3
e 13 10 3
e 2 10 3
e 3 10 3
e 8 10 3
e 14 10 3
e 4 10 3
e 7 10 3
e 5 10 3
e 15 10 3
e 16 10 3
e 6 10 3
e 17 10 3
e 18 10 3
e 19 10 3
e 0 20 1
e 15 20 3
e 6 20 3
e 11 20 3
e 21 20 3
e 9 20 3
e 1 20 3
e 13 20 3
e 2 20 3
e 22 20 3
e 23 20 3
e 14 20 3
e 4 20 3
e 7 20 3
e 5 20 3
e 24 20 3
e 16 20 3
e 25 20 3
e 26 20 3
e 27 20 3
e 18 20 3
e 19 20 3
e 28 20 3
e 0 29 1
e 19 29 3
e 30 29 3
e 31 29 3
e 24 29 3
e 21 29 3
e 32 29 3
e 33 29 3
e 34 29 3
e 35 29 3
e 36 29 3
e 37 29 3
e 28 29 3
e 14 29 3
e 7 29 3
e 25 29 3
e 38 29 3
e 39 29 3
e 4 29 3
e 40 29 3
e 41 29 3
e 42 29 3
e 27 29 3
e 0 43 6
e 0 45 6
e 0 47 6
e 0 49 6
e 0 44 6
e 0 46 6
e 0 48 6
e 0 50 6
e 25 45 7
e 41 45 7
e 4 47 7
e 22 49 7
e 28 46 7
e 4 48 7
e 4 50 7
e 11 43 6
e 13 43 6
e 2 43 6
e 3 43 6
e 4 43 6
e 7 43 6
e 5 43 6
e 16 43 6
e 18 43 6
e 19 45 6
e 21 45 6
e 32 45 6
e 38 45 6
e 28 45 6
e 14 45 6
e 4 45 6
e 7 45 6
e 41 45 6
e 42 45 6
e 25 45 6
e 6 47 6
e 21 47 6
e 22 47 6
e 23 47 6
e 14 47 6
e 4 47 6
e 7 47 6
e 5 47 6
e 24 47 6
e 16 47 6
e 28 47 6
e 6 49 6
e 21 49 6
e 2 49 6
e 22 49 6
e 23 49 6
e 14 49 6
e 4 49 6
e 7 49 6
e 5 49 6
e 24 49 6
e 28 49 6
e 19 44 6
e 24 44 6
e 21 44 6
e 32 44 6
e 28 44 6
e 14 44 6
e 4 44 6
e 7 44 6
e 41 44 6
e 42 44 6
e 25 44 6
e 6 46 6
e 21 46 6
e 9 46 6
e 13 46 6
e 22 46 6
e 4 46 6
e 7 46 6
e 24 46 6
e 25 46 6
e 27 46 6
e 28 46 6
e 6 48 6
e 11 48 6
e 13 48 6
e 2 48 6
e 3 48 6
e 4 48 6
e 7 48 6
e 5 48 6
e 16 48 6
e 18 48 6
e 6 50 6
e 21 50 6
e 2 50 6
e 22 50 6
e 23 50 6
e 14 50 6
e 4 50 6
e 7 50 6
e 5 50 6
e 24 50 6
e 28 50 6
e 15 43 6
e 14 43 6
e 8 43 6
e 24 45 6
e 33 45 6
e 27 45 6
e 13 47 6
e 25 47 6
e 27 47 6
e 16 49 6
e 13 49 6
e 18 49 6
e 27 44 6
e 38 44 6
e 33 44 6
e 5 46 6
e 14 46 6
e 2 46 6
e 12 48 6
e 1 48 6
e 27 50 6
e 13 50 6
e 4 0 8
e 9 0 8
e 2 0 8
e 6 0 8
e 17 0 8
e 7 0 8
e 8 0 8
e 3 0 8
e 15 0 8
e 16 0 8
e 5 0 8
e 14 0 8
e 13 0 8
e 18 0 8
e 19 0 8
e 1 0 8
e 12 0 8
e 11 0 8
e 24 0 8
e 21 0 8
e 28 0 8
e 22 0 8
e 27 0 8
e 23 0 8
e 25 0 8
e 26 0 8
e 30 0 8
e 37 0 8
e 39 0 8
e 40 0 8
e 35 0 8
e 41 0 8
e 31 0 8
e 42 0 8
e 38 0 8
e 36 0 8
e 32 0 8
e 33 0 8
e 34 0 8

t # 34 51
v 0 1
v 1 3
v 2 3
v 3 3
v 4 3
v 5 3
v 6 3
v 7 3
v 8 3
v 9 3
v 10 2
v 11 3
v 12 3
v 13 3
v 14 3
v 15 3
v 16 3
v 17 3
v 18 3
v 19 3
v 20 2
v 21 3
v 22 3
v 23 2
v 24 3
v 25 3
v 26 3
v 27 3
v 28 3
v 29 3
v 30 3
v 31 3
v 32 3
v 33 3
v 34 3
v 35 3
v 36 3
v 37 3
v 38 3
v 39 3
v 40 3
v 41 3
v 42 3
v 43 3
v 44 3
v 45 3
v 46 3
v 47 4
v 48 4
v 49 4
v 50 4
e 1 10 3
e 3 10 3
e 11 10 3
e 7 10 3
e 2 10 3
e 4 10 3
e 12 10 3
e 6 10 3
e 8 10 3
e 13 10 3
e 14 10 3
e 15 10 3
e 5 10 3
e 16 10 3
e 17 10 3
e 18 10 3
e 19 10 4
e 1 20 3
e 3 20 3
e 11 20 3
e 14 20 3
e 7 20 3
e 2 20 3
e 4 20 3
e 12 20 3
e 6 20 3
e 13 20 3
e 8 20 3
e 15 20 3
e 17 20 3
e 5 20 3
e 18 20 3
e 21 20 3
e 22 20 3
e 19 20 4
e 0 23 1
e 24 23 3
e 25 23 3
e 26 23 3
e 27 23 3
e 28 23 3
e 29 23 3
e 30 23 3
e 31 23 3
e 32 23 3
e 33 23 3
e 34 23 3
e 35 23 3
e 36 23 3
e 37 23 3
e 38 23 3
e 39 23 3
e 40 23 3
e 41 23 3
e 42 23 3
e 43 23 3
e 44 23 3
e 45 23 3
e 46 23 3
e 0 50 6
e 0 48 6
e 12 47 7
e 12 47 7
e 4 48 7
e 4 49 7
e 42 50 7
e 39 50 7
e 39 50 7
e 39 50 7
e 33 50 7
e 33 50 7
e 30 50 7
e 33 50 7
e 18 47 6
e 1 47 6
e 3 47 6
e 11 47 6
e 7 47 6
e 2 47 6
e 4 47 6
e 12 47 6
e 6 47 6
e 14 47 6
e 3 48 6
e 11 48 6
e 7 48 6
e 2 48 6
e 4 48 6
e 6 48 6
e 8 48 6
e 5 48 6
e 22 48 6
e 18 49 6
e 1 49 6
e 3 49 6
e 11 49 6
e 7 49 6
e 2 49 6
e 4 49 6
e 12 49 6
e 6 49 6
e 14 49 6
e 24 50 6
e 27 50 6
e 28 50 6
e 30 50 6
e 32 50 6
e 33 50 6
e 36 50 6
e 37 50 6
e 38 50 6
e 39 50 6
e 42 50 6
e 24 48 6
e 27 48 6
e 28 48 6
e 30 48 6
e 32 48 6
e 33 48 6
e 34 48 6
e 36 48 6
e 38 48 6
e 39 48 6
e 45 48 6
e 5 47 6
e 16 47 6
e 13 47 6
e 21 48 6
e 12 48 6
e 5 49 6
e 17 49 6
e 31 50 6
e 25 50 6
e 29 50 6
e 42 48 6
e 31 48 6
e 35 0 8
e 32 0 8
e 33 0 8
e 25 0 8
e 28 0 8
e 34 0 8
e 31 0 8
e 38 0 8
e 39 0 8
e 36 0 8
e 30 0 8
e 37 0 8
e 46 0 8
e 40 0 8
e 24 0 8
e 44 0 8
e 45 0 8
e 27 0 8
e 26 0 8
e 29 0 8
e 43 0 8
e 41 0 8
e 42 0 8

t # 35 49
v 0 1
v 1 3
v 2 3
v 3 3
v 4 3
v 5 3
v 6 3
v 7 2
v 8 3
v 9 3
v 10 3
v 11 3
v 12 3
v 13 3
v 14 3
v 15 3
v 16 3
v 17 3
v 18 3
v 19 3
v 20 3
v 21 3
v 22 3
v 23 3
v 24 3
v 25 3
v 26 3
v 27 3
v 28 3
v 29 3
v 30 3
v 31 3
v 32 3
v 33 2
v 34 3
v 35 3
v 36 3
v 37 3
v 38 3
v 39 3
v 40 3
v 41 3
v 42 4
v 43 4
v 44 4
v 45 4
v 46 4
v 47 4
v 48 4
e 0 7 1
e 8 7 3
e 9 7 3
e 10 7 3
e 11 7 3
e 12 7 3
e 13 7 3
e 14 7 3
e 15 7 3
e 16 7 3
e 17 7 3
e 18 7 3
e 19 7 3
e 20 7 3
e 21 7 3
e 22 7 3
e 23 7 3
e 24 7 3
e 25 7 3
e 26 7 3
e 27 7 3
e 28 7 3
e 29 7 3
e 30 7 3
e 31 7 4
e 0 33 1
e 8 33 3
e 34 33 3
e 35 33 3
e 9 33 3
e 11 33 3
e 12 33 3
e 36 33 3
e 18 33 3
e 19 33 3
e 22 33 3
e 15 33 3
e 17 33 3
e 37 33 3
e 21 33 3
e 38 33 3
e 27 33 3
e 10 33 3
e 14 33 3
e 16 33 3
e 24 33 3
e 25 33 3
e 39 33 3
e 40 33 3
e 41 33 4
e 0 45 6
e 0 48 6
e 0 42 6
e 0 43 6
e 0 44 6
e 0 46 6
e 0 47 6
e 16 45 7
e 24 45 7
e 9 45 7
e 24 45 7
e 14 45 7
e 24 45 7
e 10 48 7
e 10 48 7
e 14 43 7
e 16 43 7
e 10 46 7
e 18 48 7
e 8 45 6
e 9 45 6
e 11 45 6
e 14 45 6
e 15 45 6
e 16 45 6
e 17 45 6
e 19 45 6
e 20 45 6
e 24 45 6
e 27 45 6
e 8 48 6
e 10 48 6
e 11 48 6
e 12 48 6
e 36 48 6
e 14 48 6
e 15 48 6
e 17 48 6
e 18 48 6
e 24 48 6
e 40 48 6
e 8 42 6
e 10 42 6
e 11 42 6
e 12 42 6
e 36 42 6
e 14 42 6
e 15 42 6
e 17 42 6
e 18 42 6
e 24 42 6
e 40 42 6
e 8 43 6
e 9 43 6
e 10 43 6
e 12 43 6
e 13 43 6
e 14 43 6
e 15 43 6
e 17 43 6
e 18 43 6
e 19 43 6
e 24 43 6
e 8 44 6
e 9 44 6
e 10 44 6
e 11 44 6
e 36 44 6
e 14 44 6
e 15 44 6
e 17 44 6
e 18 44 6
e 19 44 6
e 38 44 6
e 2 45 6
e 3 45 6
e 4 45 6
e 5 45 6
e 6 45 6
e 8 46 6
e 9 46 6
e 11 46 6
e 14 46 6
e 15 46 6
e 16 46 6
e 17 46 6
e 19 46 6
e 20 46 6
e 24 46 6
e 27 46 6
e 8 47 6
e 9 47 6
e 11 47 6
e 13 47 6
e 14 47 6
e 15 47 6
e 16 47 6
e 17 47 6
e 18 47 6
e 19 47 6
e 24 47 6
e 32 44 6
e 13 45 6
e 10 45 6
e 25 45 6
e 39 48 6
e 21 48 6
e 39 42 6
e 22 42 6
e 21 42 6
e 16 43 6
e 26 43 6
e 25 43 6
e 25 44 6
e 24 44 6
e 37 44 6
e 1 45 6
e 13 46 6
e 10 46 6
e 12 46 6
e 10 47 6
e 25 47 6
e 21 0 8
e 28 0 8
e 10 0 8
e 25 0 8
e 16 0 8
e 11 0 8
e 22 0 8
e 8 0 8
e 20 0 8
e 19 0 8
e 24 0 8
e 18 0 8
e 9 0 8
e 23 0 8
e 17 0 8
e 15 0 8
e 27 0 8
e 13 0 8
e 30 0 8
e 29 0 8
e 26 0 8
e 12 0 8
e 14 0 8
e 36 0 8
e 40 0 8
e 34 0 8
e 38 0 8
e 35 0 8
e 39 0 8
e 37 0 8

t # 36 51
v 0 0
v 1 1
v 2 3
v 3 2
v 4 3
v 5 3
v 6 3
v 7 3
v 8 3
v 9 3
v 10 3
v 11 3
v 12 3
v 13 3
v 14 3
v 15 3
v 16 3
v 17 3
v 18 3
v 19 3
v 20 3
v 21 3
v 22 3
v 23 3
v 24 3
v 25 2
v 26 3
v 27 3
v 28 3
v 29 3
v 30 3
v 31 3
v 32 3
v 33 3
v 34 3
v 35 3
v 36 3
v 37 3
v 38 3
v 39 3
v 40 3
v 41 3
v 42 3
v 43 3
v 44 3
v 45 2
v 46 3
v 47 4
v 48 4
v 49 4
v 50 4
e 1 0 0
e 3 0 2
e 4 3 3
e 5 3 3
e 6 3 3
e 7 3 3
e 8 3 3
e 2 3 3
e 9 3 3
e 10 3 3
e 11 3 3
e 12 3 3
e 13 3 3
e 14 3 3
e 15 3 3
e 16 3 3
e 17 3 3
e 18 3 3
e 19 3 3
e 20 3 3
e 21 3 3
e 22 3 3
e 23 3 3
e 24 3 3
e 1 25 1
e 25 0 2
e 26 3 4
e 27 25 3
e 28 25 3
e 29 25 3
e 30 25 3
e 31 25 3
e 32 25 3
e 33 25 3
e 34 25 3
e 35 25 3
e 36 25 3
e 37 25 3
e 38 25 3
e 39 25 3
e 40 25 3
e 41 25 3
e 42 25 3
e 43 25 3
e 44 25 4
e 5 45 3
e 8 45 3
e 7 45 3
e 19 45 3
e 20 45 3
e 21 45 3
e 17 45 3
e 13 45 3
e 12 45 3
e 11 45 3
e 18 45 3
e 46 45 4
e 47 0 5
e 48 0 5
e 49 0 5
e 50 0 5
e 1 50 6
e 22 47 7
e 11 47 7
e 22 49 7
e 5 47 6
e 8 47 6
e 2 47 6
e 11 47 6
e 14 47 6
e 15 47 6
e 16 47 6
e 19 47 6
e 20 47 6
e 22 47 6
e 24 47 6
e 5 48 6
e 8 48 6
e 2 48 6
e 11 48 6
e 14 48 6
e 16 48 6
e 17 48 6
e 19 48 6
e 20 48 6
e 22 48 6
e 24 48 6
e 5 49 6
e 8 49 6
e 2 49 6
e 11 49 6
e 14 49 6
e 15 49 6
e 16 49 6
e 19 49 6
e 20 49 6
e 22 49 6
e 24 49 6
e 27 50 6
e 28 50 6
e 29 50 6
e 31 50 6
e 32 50 6
e 33 50 6
e 34 50 6
e 40 50 6
e 41 50 6
e 13 47 6
e 17 47 6
e 12 47 6
e 13 48 6
e 6 48 6
e 15 48 6
e 13 49 6
e 10 49 6
e 17 49 6
e 36 50 6
e 34 1 8
e 43 1 8
e 35 1 8
e 29 1 8
e 42 1 8
e 27 1 8
e 32 1 8
e 41 1 8
e 40 1 8
e 28 1 8
e 33 1 8
e 39 1 8
e 36 1 8
e 31 1 8
e 37 1 8
e 30 1 8
e 38 1 8

t # 37 48
v 0 1
v 1 2
v 2 3
v 3 3
v 4 3
v 5 3
v 6 3
v 7 3
v 8 3
v 9 3
v 10 3
v 11 3
v 12 3
v 13 3
v 14 3
v 15 3
v 16 3
v 17 3
v 18 3
v 19 3
v 20 3
v 21 3
v 22 3
v 23 3
v 24 3
v 25 3
v 26 3
v 27 3
v 28 3
v 29 3
v 30 3
v 31 2
v 32 3
v 33 3
v 34 3
v 35 3
v 36 3
v 37 3
v 38 3
v 39 3
v 40 3
v 41 3
v 42 3
v 43 4
v 44 4
v 45 4
v 46 4
v 47 4
e 0 1 1
e 2 1 3
e 3 1 3
e 4 1 3
e 5 1 3
e 6 1 3
e 7 1 3
e 8 1 3
e 9 1 3
e 10 1 3
e 11 1 3
e 12 1 3
e 13 1 3
e 14 1 3
e 15 1 3
e 16 1 3
e 17 1 3
e 18 1 3
e 19 1 3
e 20 1 3
e 21 1 3
e 22 1 3
e 23 1 3
e 24 1 3
e 25 1 4
e 0 31 1
e 14 31 3
e 24 31 3
e 32 31 3
e 3 31 3
e 33 31 3
e 21 31 3
e 17 31 3
e 13 31 3
e 19 31 3
e 34 31 3
e 35 31 3
e 15 31 3
e 22 31 3
e 36 31 3
e 7 31 3
e 16 31 3
e 37 31 3
e 23 31 3
e 38 31 3
e 11 31 3
e 39 31 3
e 40 31 3
e 41 31 3
e 42 31 4
e 0 43 6
e 0 45 6
e 0 44 6
e 0 46 6
e 0 47 6
e 11 43 7
e 11 43 7
e 39 43 7
e 11 45 7
e 24 43 6
e 21 43 6
e 15 43 6
e 13 43 6
e 19 43 6
e 38 43 6
e 11 43 6
e 22 43 6
e 7 43 6
e 34 43 6
e 23 43 6
e 24 45 6
e 33 45 6
e 21 45 6
e 15 45 6
e 13 45 6
e 11 45 6
e 22 45 6
e 36 45 6
e 7 45 6
e 34 45 6
e 39 45 6
e 26 47 6
e 27 47 6
e 28 47 6
e 2 44 6
e 3 44 6
e 4 44 6
e 7 44 6
e 8 44 6
e 10 44 6
e 13 44 6
e 15 44 6
e 19 44 6
e 21 44 6
e 22 44 6
e 24 46 6
e 21 46 6
e 13 46 6
e 19 46 6
e 38 46 6
e 11 46 6
e 22 46 6
e 7 46 6
e 16 46 6
e 34 46 6
e 41 46 6
e 24 47 6
e 33 47 6
e 21 47 6
e 13 47 6
e 38 47 6
e 11 47 6
e 36 47 6
e 7 47 6
e 34 47 6
e 39 47 6
e 41 47 6
e 37 43 6
e 39 43 6
e 41 43 6
e 41 45 6
e 40 45 6
e 38 45 6
e 29 47 6
e 30 47 6
e 12 44 6
e 16 44 6
e 9 44 6
e 39 46 6
e 36 46 6
e 37 46 6
e 40 47 6
e 22 47 6
e 3 47 6
e 19 0 8
e 10 0 8
e 7 0 8
e 23 0 8
e 18 0 8
e 6 0 8
e 20 0 8
e 14 0 8
e 17 0 8
e 5 0 8
e 22 0 8
e 12 0 8
e 8 0 8
e 2 0 8
e 3 0 8
e 21 0 8
e 16 0 8
e 4 0 8
e 13 0 8
e 11 0 8
e 24 0 8
e 15 0 8
e 9 0 8
e 38 0 8
e 36 0 8
e 35 0 8
e 32 0 8
e 39 0 8
e 33 0 8
e 40 0 8
e 37 0 8
e 41 0 8
e 34 0 8

t # 38 51
v 0 1
v 1 3
v 2 2
v 3 3
v 4 3
v 5 3
v 6 3
v 7 3
v 8 3
v 9 3
v 10 3
v 11 3
v 12 3
v 13 3
v 14 3
v 15 3
v 16 3
v 17 3
v 18 3
v 19 3
v 20 3
v 21 2
v 22 3
v 23 3
v 24 3
v 25 3
v 26 3
v 27 3
v 28 3
v 29 3
v 30 3
v 31 3
v 32 3
v 33 3
v 34 3
v 35 3
v 36 3
v 37 3
v 38 3
v 39 3
v 40 3
v 41 3
v 42 3
v 43 3
v 44 3
v 45 3
v 46 4
v 47 4
v 48 4
v 49 4
v 50 4
e 3 2 3
e 4 2 3
e 5 2 3
e 6 2 3
e 7 2 3
e 8 2 3
e 9 2 3
e 10 2 3
e 11 2 3
e 12 2 3
e 13 2 3
e 14 2 3
e 15 2 3
e 16 2 3
e 17 2 3
e 18 2 3
e 19 2 3
e 20 2 3
e 0 21 1
e 22 2 4
e 23 21 3
e 24 21 3
e 25 21 3
e 26 21 3
e 27 21 3
e 28 21 3
e 29 21 3
e 30 21 3
e 31 21 3
e 32 21 3
e 33 21 3
e 34 21 3
e 35 21 3
e 36 21 3
e 37 21 3
e 38 21 3
e 39 21 3
e 40 21 3
e 41 21 3
e 42 21 3
e 43 21 3
e 44 21 3
e 45 21 4
e 0 48 6
e 0 49 6
e 20 50 7
e 10 50 7
e 13 46 7
e 13 46 7
e 17 48 7
e 17 48 7
e 17 48 7
e 10 48 7
e 10 48 7
e 3 47 6
e 4 47 6
e 10 47 6
e 5 47 6
e 6 47 6
e 17 47 6
e 13 47 6
e 7 47 6
e 20 47 6
e 14 47 6
e 15 47 6
e 23 48 6
e 33 48 6
e 26 48 6
e 34 48 6
e 35 48 6
e 39 48 6
e 37 48 6
e 28 48 6
e 30 48 6
e 43 48 6
e 44 48 6
e 1 49 6
e 3 50 6
e 9 50 6
e 4 50 6
e 5 50 6
e 6 50 6
e 17 50 6
e 13 50 6
e 7 50 6
e 20 50 6
e 14 50 6
e 15 50 6
e 3 46 6
e 9 46 6
e 4 46 6
e 10 46 6
e 5 46 6
e 6 46 6
e 17 46 6
e 13 46 6
e 19 46 6
e 14 46 6
e 15 46 6
e 1 47 6
e 3 48 6
e 9 48 6
e 4 48 6
e 5 48 6
e 6 48 6
e 16 48 6
e 17 48 6
e 13 48 6
e 7 48 6
e 14 48 6
e 15 48 6
e 23 49 6
e 33 49 6
e 26 49 6
e 34 49 6
e 27 49 6
e 39 49 6
e 28 49 6
e 29 49 6
e 30 49 6
e 41 49 6
e 42 49 6
e 9 47 6
e 8 47 6
e 19 47 6
e 27 48 6
e 38 48 6
e 32 48 6
e 10 50 6
e 19 50 6
e 11 50 6
e 7 46 6
e 16 46 6
e 20 46 6
e 8 48 6
e 10 48 6
e 20 48 6
e 38 49 6
e 35 49 6
e 40 49 6
e 39 0 8
e 36 0 8
e 42 0 8
e 23 0 8
e 26 0 8
e 32 0 8
e 34 0 8
e 40 0 8
e 24 0 8
e 31 0 8
e 38 0 8
e 27 0 8
e 44 0 8
e 25 0 8
e 35 0 8
e 28 0 8
e 41 0 8
e 43 0 8
e 37 0 8
e 33 0 8
e 30 0 8
e 29 0 8

t # 39 49
v 0 1
v 1 3
v 2 3
v 3 2
v 4 3
v 5 3
v 6 3
v 7 3
v 8 3
v 9 3
v 10 3
v 11 3
v 12 3
v 13 3
v 14 3
v 15 3
v 16 3
v 17 3
v 18 2
v 19 3
v 20 3
v 21 3
v 22 3
v 23 3
v 24 3
v 25 3
v 26 3
v 27 3
v 28 3
v 29 3
v 30 3
v 31 3
v 32 3
v 33 3
v 34 3
v 35 3
v 36 3
v 37 3
v 38 3
v 39 3
v 40 3
v 41 3
v 42 3
v 43 2
v 44 3
v 45 3
v 46 3
v 47 4
v 48 4
e 4 3 3
e 5 3 3
e 6 3 3
e 7 3 3
e 2 3 3
e 8 3 3
e 1 3 3
e 9 3 3
e 10 3 3
e 11 3 3
e 12 3 3
e 13 3 3
e 14 3 3
e 15 3 3
e 16 3 3
e 17 3 4
e 0 18 1
e 19 18 3
e 20 18 3
e 21 18 3
e 22 18 3
e 23 18 3
e 24 18 3
e 25 18 3
e 26 18 3
e 27 18 3
e 28 18 3
e 29 18 3
e 30 18 3
e 31 18 3
e 32 18 3
e 33 18 3
e 34 18 3
e 35 18 3
e 36 18 3
e 37 18 3
e 38 18 3
e 39 18 3
e 40 18 3
e 41 18 3
e 42 18 4
e 1 43 3
e 44 43 3
e 16 43 3
e 9 43 3
e 45 43 3
e 11 43 3
e 7 43 3
e 8 43 3
e 46 43 3
e 6 43 3
e 2 43 3
e 13 43 3
e 17 43 4
e 0 47 6
e 0 48 6
e 13 47 7
e 29 48 7
e 19 47 6
e 23 47 6
e 24 47 6
e 25 47 6
e 28 47 6
e 29 47 6
e 30 47 6
e 32 47 6
e 33 47 6
e 34 47 6
e 38 47 6
e 4 47 6
e 6 47 6
e 7 47 6
e 9 47 6
e 12 47 6
e 13 47 6
e 14 47 6
e 15 47 6
e 19 48 6
e 23 48 6
e 24 48 6
e 25 48 6
e 27 48 6
e 28 48 6
e 29 48 6
e 30 48 6
e 32 48 6
e 34 48 6
e 38 48 6
e 27 47 6
e 35 47 6
e 37 47 6
e 2 47 6
e 10 47 6
e 5 47 6
e 35 48 6
e 33 48 6
e 20 48 6
e 31 0 8
e 33 0 8
e 28 0 8
e 38 0 8
e 40 0 8
e 35 0 8
e 20 0 8
e 30 0 8
e 41 0 8
e 34 0 8
e 25 0 8
e 36 0 8
e 32 0 8
e 26 0 8
e 24 0 8
e 19 0 8
e 27 0 8
e 39 0 8
e 37 0 8
e 23 0 8
e 21 0 8
e 29 0 8
e 22 0 8

t # 40 51
v 0 1
v 1 2
v 2 3
v 3 3
v 4 3
v 5 3
v 6 3
v 7 3
v 8 3
v 9 3
v 10 3
v 11 3
v 12 3
v 13 3
v 14 3
v 15 3
v 16 3
v 17 3
v 18 3
v 19 3
v 20 3
v 21 3
v 22 3
v 23 2
v 24 3
v 25 3
v 26 3
v 27 3
v 28 3
v 29 3
v 30 3
v 31 3
v 32 3
v 33 3
v 34 3
v 35 3
v 36 3
v 37 3
v 38 3
v 39 2
v 40 3
v 41 3
v 42 3
v 43 3
v 44 3
v 45 4
v 46 4
v 47 4
v 48 4
v 49 4
v 50 4
e 0 1 1
e 2 1 3
e 3 1 3
e 4 1 3
e 5 1 3
e 6 1 3
e 7 1 3
e 8 1 3
e 9 1 3
e 10 1 3
e 11 1 3
e 12 1 3
e 13 1 3
e 14 1 3
e 15 1 3
e 16 1 3
e 17 1 3
e 18 1 3
e 19 1 3
e 20 1 3
e 21 1 3
e 22 1 4
e 0 23 1
e 24 23 3
e 25 23 3
e 5 23 3
e 26 23 3
e 7 23 3
e 27 23 3
e 9 23 3
e 28 23 3
e 29 23 3
e 30 23 3
e 31 23 3
e 32 23 3
e 33 23 3
e 17 23 3
e 34 23 3
e 35 23 3
e 3 23 3
e 36 23 3
e 37 23 4
e 0 39 1
e 24 39 3
e 25 39 3
e 5 39 3
e 40 39 3
e 41 39 3
e 28 39 3
e 30 39 3
e 32 39 3
e 33 39 3
e 34 39 3
e 35 39 3
e 42 39 3
e 43 39 3
e 44 39 4
e 0 47 6
e 0 49 6
e 0 50 6
e 0 45 6
e 0 46 6
e 0 48 6
e 10 47 7
e 10 49 7
e 9 50 7
e 34 45 7
e 34 45 7
e 28 45 7
e 30 45 7
e 30 46 7
e 35 48 7
e 2 47 6
e 3 47 6
e 4 47 6
e 5 47 6
e 6 47 6
e 7 47 6
e 8 47 6
e 9 47 6
e 10 47 6
e 11 47 6
e 18 47 6
e 2 49 6
e 4 49 6
e 5 49 6
e 6 49 6
e 7 49 6
e 8 49 6
e 9 49 6
e 10 49 6
e 11 49 6
e 14 49 6
e 18 49 6
e 17 50 6
e 5 50 6
e 26 50 6
e 7 50 6
e 9 50 6
e 28 50 6
e 29 50 6
e 32 50 6
e 33 50 6
e 34 50 6
e 35 50 6
e 5 45 6
e 7 45 6
e 9 45 6
e 28 45 6
e 29 45 6
e 32 45 6
e 33 45 6
e 17 45 6
e 34 45 6
e 35 45 6
e 3 45 6
e 17 46 6
e 5 46 6
e 7 46 6
e 27 46 6
e 9 46 6
e 28 46 6
e 32 46 6
e 33 46 6
e 34 46 6
e 17 48 6
e 5 48 6
e 26 48 6
e 7 48 6
e 9 48 6
e 28 48 6
e 32 48 6
e 33 48 6
e 34 48 6
e 35 48 6
e 16 47 6
e 12 47 6
e 19 47 6
e 38 48 6
e 16 49 6
e 21 49 6
e 15 49 6
e 30 50 6
e 30 45 6
e 25 45 6
e 24 46 6
e 30 46 6
e 31 46 6
e 30 48 6
e 29 48 6
e 17 0 8
e 32 0 8
e 25 0 8
e 30 0 8
e 9 0 8
e 5 0 8
e 34 0 8
e 26 0 8
e 29 0 8
e 24 0 8
e 3 0 8
e 27 0 8
e 36 0 8
e 28 0 8
e 7 0 8
e 35 0 8
e 31 0 8
e 33 0 8
e 40 0 8
e 43 0 8
e 42 0 8
e 41 0 8
e 11 0 8
e 6 0 8
e 18 0 8
e 8 0 8
e 16 0 8
e 19 0 8
e 12 0 8
e 4 0 8
e 2 0 8
e 15 0 8
e 14 0 8
e 20 0 8
e 21 0 8
e 13 0 8
e 10 0 8

t # 41 49
v 0 3
v 1 3
v 2 3
v 3 3
v 4 3
v 5 3
v 6 3
v 7 3
v 8 3
v 9 3
v 10 3
v 11 3
v 12 3
v 13 2
v 14 3
v 15 3
v 16 3
v 17 3
v 18 3
v 19 3
v 20 3
v 21 3
v 22 3
v 23 3
v 24 3
v 25 3
v 26 3
v 27 3
v 28 3
v 29 3
v 30 3
v 31 3
v 32 3
v 33 3
v 34 3
v 35 3
v 36 3
v 37 3
v 38 3
v 39 3
v 40 3
v 41 3
v 42 3
v 43 3
v 44 3
v 45 4
v 46 4
v 47 4
v 48 4
e 14 13 3
e 5 13 3
e 15 13 3
e 16 13 3
e 0 13 3
e 17 13 3
e 18 13 3
e 19 13 3
e 7 13 3
e 6 13 3
e 20 13 3
e 3 13 3
e 21 13 3
e 22 13 3
e 23 13 3
e 1 13 3
e 4 13 3
e 24 13 3
e 25 13 3
e 26 13 3
e 27 13 3
e 1 45 7
e 0 45 7
e 0 45 7
e 3 45 7
e 25 46 7
e 1 46 7
e 25 47 7
e 3 47 7
e 37 48 7
e 0 46 7
e 2 47 7
e 44 48 7
e 5 45 6
e 0 45 6
e 17 45 6
e 3 45 6
e 1 45 6
e 7 45 6
e 4 45 6
e 6 45 6
e 27 45 6
e 5 46 6
e 0 46 6
e 17 46 6
e 3 46 6
e 1 46 6
e 7 46 6
e 4 46 6
e 25 46 6
e 6 46 6
e 5 47 6
e 0 47 6
e 17 47 6
e 3 47 6
e 1 47 6
e 7 47 6
e 4 47 6
e 25 47 6
e 26 47 6
e 6 47 6
e 29 48 6
e 34 48 6
e 37 48 6
e 31 48 6
e 32 48 6
e 36 48 6
e 29 45 6
e 35 45 6
e 32 45 6
e 39 46 6
e 44 46 6
e 40 46 6
e 41 46 6
e 43 46 6
e 2 47 6
e 11 47 6
e 10 47 6
e 39 48 6
e 44 48 6
e 9 48 6
e 40 48 6
e 41 48 6
e 25 45 6
e 16 45 6
e 21 45 6
e 22 46 6
e 27 46 6
e 27 47 6
e 16 47 6
e 19 47 6
e 33 48 6
e 30 48 6
e 36 45 6
e 33 45 6
e 37 45 6
e 9 46 6
e 42 46 6
e 12 47 6
e 43 48 6
e 42 48 6

t # 42 51
v 0 1
v 1 2
v 2 3
v 3 3
v 4 3
v 5 3
v 6 3
v 7 3
v 8 3
v 9 3
v 10 3
v 11 3
v 12 3
v 13 3
v 14 3
v 15 3
v 16 3
v 17 3
v 18 3
v 19 3
v 20 3
v 21 3
v 22 3
v 23 2
v 24 3
v 25 3
v 26 3
v 27 3
v 28 3
v 29 3
v 30 3
v 31 3
v 32 3
v 33 3
v 34 3
v 35 3
v 36 3
v 37 3
v 38 3
v 39 3
v 40 3
v 41 3
v 42 3
v 43 3
v 44 3
v 45 2
v 46 3
v 47 4
v 48 4
v 49 4
v 50 4
e 0 1 1
e 2 1 3
e 3 1 3
e 4 1 3
e 5 1 3
e 6 1 3
e 7 1 3
e 8 1 3
e 9 1 3
e 10 1 3
e 11 1 3
e 12 1 3
e 13 1 3
e 14 1 3
e 15 1 3
e 16 1 3
e 17 1 3
e 18 1 3
e 19 1 3
e 20 1 3
e 21 1 3
e 22 1 4
e 0 23 1
e 24 23 3
e 25 23 3
e 26 23 3
e 27 23 3
e 28 23 3
e 29 23 3
e 30 23 3
e 31 23 3
e 8 23 3
e 32 23 3
e 33 23 3
e 34 23 3
e 35 23 3
e 36 23 3
e 37 23 3
e 38 23 3
e 39 23 3
e 13 23 3
e 40 23 3
e 41 23 3
e 42 23 3
e 43 23 3
e 44 23 3
e 0 45 1
e 46 45 3
e 25 45 3
e 29 45 3
e 28 45 3
e 26 45 3
e 41 45 3
e 31 45 3
e 38 45 3
e 43 45 3
e 32 45 3
e 33 45 3
e 44 45 3
e 0 49 6
e 0 50 6
e 0 47 6
e 0 48 6
e 31 49 7
e 40 49 7
e 32 50 7
e 30 50 7
e 25 49 6
e 27 49 6
e 29 49 6
e 30 49 6
e 31 49 6
e 8 49 6
e 32 49 6
e 35 49 6
e 38 49 6
e 13 49 6
e 41 49 6
e 25 50 6
e 27 50 6
e 29 50 6
e 30 50 6
e 31 50 6
e 32 50 6
e 34 50 6
e 35 50 6
e 38 50 6
e 13 50 6
e 41 50 6
e 25 47 6
e 27 47 6
e 28 47 6
e 30 47 6
e 31 47 6
e 8 47 6
e 35 47 6
e 38 47 6
e 13 47 6
e 40 47 6
e 44 47 6
e 25 48 6
e 27 48 6
e 28 48 6
e 30 48 6
e 31 48 6
e 32 48 6
e 34 48 6
e 35 48 6
e 38 48 6
e 13 48 6
e 41 48 6
e 40 49 6
e 34 49 6
e 37 49 6
e 33 50 6
e 44 50 6
e 26 50 6
e 34 47 6
e 43 47 6
e 37 47 6
e 33 48 6
e 43 48 6
e 37 48 6
e 3 0 8
e 5 0 8
e 21 0 8
e 8 0 8
e 10 0 8
e 14 0 8
e 6 0 8
e 20 0 8
e 15 0 8
e 17 0 8
e 4 0 8
e 19 0 8
e 18 0 8
e 13 0 8
e 16 0 8
e 11 0 8
e 9 0 8
e 12 0 8
e 2 0 8
e 7 0 8
e 33 0 8
e 41 0 8
e 44 0 8
e 25 0 8
e 28 0 8
e 31 0 8
e 43 0 8
e 46 0 8
e 29 0 8
e 38 0 8
e 32 0 8
e 26 0 8
e 30 0 8
e 42 0 8
e 37 0 8
e 34 0 8
e 36 0 8
e 39 0 8
e 27 0 8
e 40 0 8
e 35 0 8
e 24 0 8

t # 43 50
v 0 3
v 1 3
v 2 3
v 3 3
v 4 3
v 5 3
v 6 3
v 7 3
v 8 2
v 9 3
v 10 3
v 11 3
v 12 3
v 13 3
v 14 3
v 15 3
v 16 3
v 17 3
v 18 3
v 19 3
v 20 2
v 21 3
v 22 3
v 23 3
v 24 3
v 25 3
v 26 3
v 27 3
v 28 3
v 29 3
v 30 3
v 31 3
v 32 2
v 33 3
v 34 3
v 35 3
v 36 3
v 37 3
v 38 3
v 39 3
v 40 3
v 41 4
v 42 4
v 43 4
v 44 4
v 45 4
v 46 4
v 47 4
v 48 4
v 49 4
e 9 8 3
e 4 8 3
e 10 8 3
e 11 8 3
e 12 8 3
e 13 8 3
e 14 8 3
e 2 8 3
e 15 8 3
e 16 8 3
e 17 8 3
e 3 8 3
e 18 8 3
e 3 20 3
e 21 20 3
e 4 20 3
e 10 20 3
e 14 20 3
e 22 20 3
e 12 20 3
e 13 20 3
e 15 20 3
e 2 20 3
e 16 20 3
e 23 20 3
e 24 20 3
e 17 20 3
e 25 20 3
e 18 20 3
e 26 20 3
e 27 20 3
e 28 20 4
e 3 32 3
e 26 32 3
e 4 32 3
e 33 32 3
e 22 32 3
e 23 32 3
e 34 32 3
e 35 32 3
e 36 32 3
e 12 32 3
e 15 32 3
e 16 32 3
e 25 32 3
e 37 32 3
e 13 32 3
e 2 32 3
e 38 32 3
e 24 32 3
e 18 32 3
e 39 32 4
e 6 41 7
e 17 44 7
e 17 44 7
e 5 45 7
e 2 46 7
e 17 47 7
e 17 47 7
e 13 48 7
e 36 48 7
e 19 48 7
e 12 41 7
e 22 41 7
e 17 43 7
e 11 45 7
e 18 49 7
e 18 49 7
e 18 49 7
e 18 49 7
e 6 41 6
e 3 42 6
e 10 42 6
e 22 42 6
e 12 42 6
e 13 42 6
e 15 42 6
e 2 42 6
e 23 42 6
e 17 42 6
e 25 42 6
e 18 42 6
e 19 43 6
e 3 44 6
e 10 44 6
e 22 44 6
e 12 44 6
e 13 44 6
e 15 44 6
e 2 44 6
e 23 44 6
e 17 44 6
e 25 44 6
e 18 44 6
e 5 45 6
e 3 46 6
e 10 46 6
e 22 46 6
e 12 46 6
e 13 46 6
e 15 46 6
e 2 46 6
e 23 46 6
e 17 46 6
e 25 46 6
e 18 46 6
e 9 47 6
e 4 47 6
e 12 47 6
e 13 47 6
e 14 47 6
e 2 47 6
e 17 47 6
e 18 47 6
e 3 48 6
e 36 48 6
e 22 48 6
e 12 48 6
e 13 48 6
e 15 48 6
e 16 48 6
e 23 48 6
e 38 48 6
e 18 48 6
e 34 48 6
e 40 49 6
e 3 41 6
e 36 41 6
e 22 41 6
e 12 41 6
e 13 41 6
e 15 41 6
e 16 41 6
e 23 41 6
e 24 41 6
e 18 41 6
e 34 41 6
e 3 43 6
e 10 43 6
e 22 43 6
e 12 43 6
e 13 43 6
e 15 43 6
e 2 43 6
e 16 43 6
e 23 43 6
e 18 43 6
e 27 43 6
e 9 45 6
e 11 45 6
e 12 45 6
e 13 45 6
e 14 45 6
e 2 45 6
e 15 45 6
e 17 45 6
e 5 46 6
e 6 47 6
e 7 47 6
e 1 47 6
e 19 48 6
e 3 49 6
e 33 49 6
e 36 49 6
e 22 49 6
e 15 49 6
e 2 49 6
e 23 49 6
e 38 49 6
e 25 49 6
e 18 49 6
e 34 49 6
e 21 42 6
e 27 42 6
e 16 44 6
e 27 44 6
e 21 46 6
e 27 46 6
e 16 46 6
e 10 47 6
e 11 47 6
e 24 48 6
e 33 48 6
e 38 41 6
e 4 41 6
e 33 41 6
e 37 41 6
e 17 43 6
e 25 43 6
e 29 44 6
e 4 45 6
e 16 45 6
e 0 47 6
e 31 48 6
e 30 48 6
e 13 49 6
e 24 49 6
e 35 49 6

t # 44 49
v 0 1
v 1 3
v 2 3
v 3 3
v 4 3
v 5 3
v 6 3
v 7 2
v 8 3
v 9 3
v 10 3
v 11 3
v 12 3
v 13 3
v 14 2
v 15 3
v 16 3
v 17 3
v 18 3
v 19 3
v 20 3
v 21 3
v 22 3
v 23 3
v 24 3
v 25 3
v 26 3
v 27 3
v 28 3
v 29 3
v 30 3
v 31 3
v 32 3
v 33 3
v 34 3
v 35 3
v 36 3
v 37 2
v 38 3
v 39 3
v 40 3
v 41 3
v 42 3
v 43 3
v 44 3
v 45 3
v 46 3
v 47 4
v 48 4
e 4 7 3
e 8 7 3
e 1 7 3
e 9 7 3
e 5 7 3
e 10 7 3
e 3 7 3
e 2 7 3
e 11 7 3
e 0 14 1
e 15 14 3
e 16 14 3
e 17 14 3
e 18 14 3
e 19 14 3
e 20 14 3
e 21 14 3
e 22 14 3
e 23 14 3
e 24 14 3
e 25 14 3
e 26 14 3
e 27 14 3
e 28 14 3
e 29 14 3
e 30 14 3
e 31 14 3
e 32 14 3
e 33 14 3
e 34 14 3
e 35 14 3
e 36 14 4
e 4 37 3
e 38 37 3
e 3 37 3
e 1 37 3
e 39 37 3
e 40 37 3
e 10 37 3
e 41 37 3
e 42 37 3
e 43 37 3
e 44 37 3
e 45 37 3
e 0 47 6
e 0 48 6
e 13 47 7
e 24 47 7
e 24 47 7
e 13 47 6
e 6 48 6
e 12 48 6
e 15 47 6
e 16 47 6
e 17 47 6
e 18 47 6
e 19 47 6
e 20 47 6
e 21 47 6
e 23 47 6
e 24 47 6
e 28 47 6
e 29 47 6
e 15 48 6
e 16 48 6
e 17 48 6
e 18 48 6
e 19 48 6
e 20 48 6
e 21 48 6
e 23 48 6
e 24 48 6
e 28 48 6
e 34 48 6
e 31 47 6
e 26 47 6
e 35 47 6
e 35 48 6
e 29 48 6
e 31 48 6
e 30 0 8
e 34 0 8
e 22 0 8
e 26 0 8
e 15 0 8
e 32 0 8
e 28 0 8
e 35 0 8
e 21 0 8
e 16 0 8
e 19 0 8
e 17 0 8
e 25 0 8
e 31 0 8
e 27 0 8
e 24 0 8
e 20 0 8
e 18 0 8
e 29 0 8
e 23 0 8
e 33 0 8

t # 45 51
v 0 1
v 1 2
v 2 3
v 3 3
v 4 3
v 5 3
v 6 3
v 7 3
v 8 3
v 9 2
v 10 3
v 11 3
v 12 3
v 13 3
v 14 3
v 15 3
v 16 3
v 17 3
v 18 3
v 19 3
v 20 3
v 21 2
v 22 3
v 23 3
v 24 3
v 25 3
v 26 3
v 27 3
v 28 3
v 29 3
v 30 3
v 31 3
v 32 3
v 33 3
v 34 3
v 35 3
v 36 3
v 37 3
v 38 2
v 39 3
v 40 3
v 41 3
v 42 3
v 43 3
v 44 3
v 45 3
v 46 4
v 47 4
v 48 4
v 49 4
v 50 4
e 0 1 1
e 2 1 3
e 3 1 3
e 4 1 3
e 5 1 3
e 6 1 3
e 7 1 3
e 8 1 3
e 0 9 1
e 2 9 3
e 10 9 3
e 11 9 3
e 4 9 3
e 12 9 3
e 13 9 3
e 14 9 3
e 6 9 3
e 15 9 3
e 5 9 3
e 8 9 3
e 16 9 3
e 7 9 3
e 17 9 3
e 18 9 3
e 19 9 3
e 20 9 3
e 0 21 1
e 2 21 3
e 22 21 3
e 11 21 3
e 4 21 3
e 16 21 3
e 23 21 3
e 24 21 3
e 14 21 3
e 25 21 3
e 26 21 3
e 27 21 3
e 28 21 3
e 29 21 3
e 30 21 3
e 17 21 3
e 31 21 3
e 32 21 3
e 33 21 3
e 34 21 3
e 35 21 3
e 36 21 3
e 37 21 4
e 0 38 1
e 7 38 3
e 39 38 3
e 20 38 3
e 11 38 3
e 36 38 3
e 4 38 3
e 8 38 3
e 40 38 3
e 41 38 3
e 29 38 3
e 6 38 3
e 42 38 3
e 28 38 3
e 27 38 3
e 5 38 3
e 43 38 3
e 24 38 3
e 14 38 3
e 44 38 3
e 17 38 3
e 45 38 3
e 0 46 6
e 0 48 6
e 0 50 6
e 0 47 6
e 0 49 6
e 24 48 7
e 11 49 7
e 28 47 7
e 24 47 7
e 17 47 7
e 2 46 6
e 4 46 6
e 16 46 6
e 23 46 6
e 24 46 6
e 25 46 6
e 28 46 6
e 29 46 6
e 17 46 6
e 35 46 6
e 36 46 6
e 39 48 6
e 11 48 6
e 36 48 6
e 4 48 6
e 24 48 6
e 14 48 6
e 6 48 6
e 42 48 6
e 28 48 6
e 17 48 6
e 40 48 6
e 39 50 6
e 11 50 6
e 36 50 6
e 4 50 6
e 24 50 6
e 14 50 6
e 6 50 6
e 28 50 6
e 17 50 6
e 27 50 6
e 40 50 6
e 2 47 6
e 11 47 6
e 4 47 6
e 16 47 6
e 24 47 6
e 14 47 6
e 27 47 6
e 28 47 6
e 29 47 6
e 17 47 6
e 36 47 6
e 7 49 6
e 11 49 6
e 36 49 6
e 4 49 6
e 24 49 6
e 14 49 6
e 6 49 6
e 28 49 6
e 8 49 6
e 17 49 6
e 27 49 6
e 14 46 6
e 27 46 6
e 33 46 6
e 27 48 6
e 43 48 6
e 44 48 6
e 29 50 6
e 43 50 6
e 44 50 6
e 42 49 6
e 40 49 6
e 44 49 6
e 8 0 8
e 4 0 8
e 2 0 8
e 3 0 8
e 5 0 8
e 7 0 8
e 6 0 8
e 16 0 8
e 23 0 8
e 26 0 8
e 32 0 8
e 27 0 8
e 17 0 8
e 34 0 8
e 31 0 8
e 33 0 8
e 29 0 8
e 24 0 8
e 30 0 8
e 35 0 8
e 11 0 8
e 22 0 8
e 28 0 8
e 36 0 8
e 14 0 8
e 25 0 8
e 42 0 8
e 45 0 8
e 44 0 8
e 20 0 8
e 39 0 8
e 41 0 8
e 40 0 8
e 43 0 8
e 19 0 8
e 10 0 8
e 15 0 8
e 18 0 8
e 13 0 8
e 12 0 8

t # 46 51
v 0 1
v 1 3
v 2 3
v 3 3
v 4 3
v 5 3
v 6 3
v 7 3
v 8 2
v 9 3
v 10 3
v 11 3
v 12 3
v 13 3
v 14 3
v 15 3
v 16 3
v 17 2
v 18 3
v 19 3
v 20 3
v 21 3
v 22 3
v 23 3
v 24 3
v 25 3
v 26 3
v 27 3
v 28 3
v 29 3
v 30 3
v 31 3
v 32 3
v 33 3
v 34 3
v 35 3
v 36 3
v 37 3
v 38 3
v 39 3
v 40 3
v 41 3
v 42 2
v 43 3
v 44 3
v 45 3
v 46 3
v 47 3
v 48 4
v 49 4
v 50 4
e 4 8 3
e 9 8 3
e 10 8 3
e 1 8 3
e 11 8 3
e 12 8 3
e 13 8 3
e 3 8 3
e 14 8 3
e 15 8 3
e 2 8 3
e 16 8 3
e 5 8 4
e 0 17 1
e 18 17 3
e 19 17 3
e 20 17 3
e 21 17 3
e 22 17 3
e 23 17 3
e 24 17 3
e 25 17 3
e 26 17 3
e 27 17 3
e 28 17 3
e 29 17 3
e 30 17 3
e 31 17 3
e 32 17 3
e 33 17 3
e 34 17 3
e 35 17 3
e 36 17 3
e 37 17 3
e 38 17 3
e 39 17 3
e 40 17 3
e 41 17 4
e 43 42 3
e 44 42 3
e 6 42 3
e 7 42 3
e 45 42 3
e 46 42 3
e 47 42 3
e 0 48 6
e 0 50 6
e 6 49 7
e 46 49 7
e 45 49 7
e 7 49 7
e 6 48 7
e 44 48 7
e 3 49 7
e 37 50 7
e 18 48 6
e 22 48 6
e 23 48 6
e 30 48 6
e 37 48 6
e 31 48 6
e 25 48 6
e 27 48 6
e 28 48 6
e 40 48 6
e 34 48 6
e 43 49 6
e 45 49 6
e 6 49 6
e 46 49 6
e 47 49 6
e 7 49 6
e 1 50 6
e 14 50 6
e 16 50 6
e 3 50 6
e 43 48 6
e 6 48 6
e 46 48 6
e 7 48 6
e 1 49 6
e 14 49 6
e 2 49 6
e 16 49 6
e 3 49 6
e 18 50 6
e 21 50 6
e 22 50 6
e 23 50 6
e 30 50 6
e 37 50 6
e 31 50 6
e 32 50 6
e 28 50 6
e 40 50 6
e 34 50 6
e 32 48 6
e 21 48 6
e 44 49 6
e 13 50 6
e 11 50 6
e 10 50 6
e 47 48 6
e 45 48 6
e 44 48 6
e 13 49 6
e 11 49 6
e 38 50 6
e 36 50 6
e 22 0 8
e 40 0 8
e 23 0 8
e 21 0 8
e 19 0 8
e 28 0 8
e 25 0 8
e 36 0 8
e 32 0 8
e 27 0 8
e 24 0 8
e 35 0 8
e 38 0 8
e 34 0 8
e 37 0 8
e 30 0 8
e 18 0 8
e 26 0 8
e 20 0 8
e 29 0 8
e 31 0 8
e 33 0 8
e 39 0 8

t # 47 51
v 0 1
v 1 3
v 2 3
v 3 3
v 4 2
v 5 3
v 6 3
v 7 3
v 8 3
v 9 3
v 10 3
v 11 3
v 12 3
v 13 3
v 14 2
v 15 3
v 16 3
v 17 3
v 18 3
v 19 3
v 20 3
v 21 3
v 22 3
v 23 3
v 24 3
v 25 3
v 26 3
v 27 3
v 28 3
v 29 3
v 30 3
v 31 3
v 32 3
v 33 3
v 34 2
v 35 3
v 36 3
v 37 3
v 38 3
v 39 3
v 40 3
v 41 2
v 42 3
v 43 3
v 44 3
v 45 3
v 46 3
v 47 3
v 48 4
v 49 4
v 50 4
e 5 4 3
e 6 4 3
e 7 4 3
e 8 4 3
e 1 4 3
e 9 4 3
e 2 4 3
e 10 4 3
e 11 4 3
e 12 4 3
e 13 4 4
e 0 14 1
e 15 14 3
e 16 14 3
e 17 14 3
e 18 14 3
e 19 14 3
e 20 14 3
e 21 14 3
e 22 14 3
e 23 14 3
e 24 14 3
e 25 14 3
e 26 14 3
e 27 14 3
e 28 14 3
e 29 14 3
e 30 14 3
e 31 14 3
e 32 14 3
e 33 14 3
e 6 34 3
e 1 34 3
e 35 34 3
e 5 34 3
e 3 34 3
e 9 34 3
e 2 34 3
e 7 34 3
e 10 34 3
e 36 34 3
e 37 34 3
e 38 34 3
e 38 41 3
e 42 41 3
e 43 41 3
e 7 41 3
e 44 41 3
e 45 41 3
e 10 41 3
e 9 41 3
e 1 41 3
e 46 41 3
e 47 41 4
e 0 48 6
e 0 49 6
e 0 50 6
e 1 49 7
e 1 49 7
e 36 49 7
e 39 50 7
e 40 50 7
e 26 50 7
e 26 50 7
e 27 50 7
e 15 48 6
e 17 48 6
e 18 48 6
e 19 48 6
e 20 48 6
e 22 48 6
e 23 48 6
e 25 48 6
e 26 48 6
e 30 48 6
e 1 49 6
e 5 49 6
e 2 49 6
e 7 49 6
e 36 49 6
e 39 50 6
e 15 49 6
e 17 49 6
e 18 49 6
e 19 49 6
e 20 49 6
e 21 49 6
e 22 49 6
e 23 49 6
e 25 49 6
e 30 49 6
e 15 50 6
e 17 50 6
e 18 50 6
e 19 50 6
e 20 50 6
e 22 50 6
e 23 50 6
e 26 50 6
e 30 50 6
e 33 50 6
e 32 48 6
e 24 48 6
e 16 48 6
e 6 49 6
e 9 49 6
e 10 49 6
e 40 50 6
e 26 49 6
e 27 49 6
e 25 50 6
e 27 50 6
e 16 50 6
e 26 0 8
e 22 0 8
e 17 0 8
e 29 0 8
e 15 0 8
e 32 0 8
e 18 0 8
e 19 0 8
e 25 0 8
e 23 0 8
e 20 0 8
e 27 0 8
e 16 0 8
e 28 0 8
e 33 0 8
e 24 0 8
e 30 0 8
e 31 0 8
e 21 0 8

t # 48 50
v 0 3
v 1 3
v 2 3
v 3 3
v 4 3
v 5 3
v 6 3
v 7 3
v 8 3
v 9 2
v 10 3
v 11 3
v 12 3
v 13 3
v 14 3
v 15 3
v 16 3
v 17 3
v 18 3
v 19 3
v 20 3
v 21 3
v 22 3
v 23 2
v 24 3
v 25 3
v 26 3
v 27 3
v 28 3
v 29 3
v 30 3
v 31 3
v 32 3
v 33 3
v 34 3
v 35 3
v 36 3
v 37 3
v 38 3
v 39 3
v 40 3
v 41 3
v 42 4
v 43 4
v 44 4
v 45 4
v 46 4
v 47 4
v 48 4
v 49 4
e 10 9 3
e 11 9 3
e 12 9 3
e 13 9 3
e 0 9 3
e 5 9 3
e 2 9 3
e 14 9 3
e 15 9 3
e 16 9 3
e 1 9 3
e 17 9 3
e 4 9 3
e 18 9 3
e 19 9 3
e 20 9 3
e 5 23 3
e 18 23 3
e 24 23 3
e 25 23 3
e 26 23 3
e 10 23 3
e 27 23 3
e 4 23 3
e 28 23 3
e 29 23 3
e 3 23 3
e 30 23 3
e 31 23 3
e 32 23 3
e 13 23 3
e 20 23 3
e 33 23 3
e 15 23 3
e 34 23 3
e 35 23 3
e 1 23 3
e 36 23 3
e 0 42 7
e 2 42 7
e 2 42 7
e 13 42 7
e 1 43 7
e 20 43 7
e 35 43 7
e 0 44 7
e 29 46 7
e 2 47 7
e 2 48 7
e 2 48 7
e 0 48 7
e 2 48 7
e 0 48 7
e 0 48 7
e 20 48 7
e 1 48 7
e 34 49 7
e 6 42 7
e 15 45 7
e 20 45 7
e 1 45 7
e 34 45 7
e 7 49 7
e 39 49 7
e 10 42 6
e 0 42 6
e 2 42 6
e 15 42 6
e 1 42 6
e 4 42 6
e 19 42 6
e 5 43 6
e 27 43 6
e 35 43 6
e 32 43 6
e 1 43 6
e 20 43 6
e 29 43 6
e 3 43 6
e 15 43 6
e 34 43 6
e 30 43 6
e 10 44 6
e 13 44 6
e 0 44 6
e 2 44 6
e 1 44 6
e 4 44 6
e 19 44 6
e 5 46 6
e 25 46 6
e 26 46 6
e 27 46 6
e 32 46 6
e 13 46 6
e 1 46 6
e 20 46 6
e 29 46 6
e 15 46 6
e 30 46 6
e 10 47 6
e 0 47 6
e 2 47 6
e 15 47 6
e 1 47 6
e 4 47 6
e 19 47 6
e 10 48 6
e 0 48 6
e 2 48 6
e 15 48 6
e 1 48 6
e 4 48 6
e 19 48 6
e 5 49 6
e 25 49 6
e 27 49 6
e 35 49 6
e 32 49 6
e 1 49 6
e 20 49 6
e 29 49 6
e 33 49 6
e 34 49 6
e 30 49 6
e 6 42 6
e 7 42 6
e 21 44 6
e 5 45 6
e 27 45 6
e 32 45 6
e 1 45 6
e 20 45 6
e 29 45 6
e 3 45 6
e 15 45 6
e 36 45 6
e 34 45 6
e 30 45 6
e 37 46 6
e 22 48 6
e 6 49 6
e 7 49 6
e 39 49 6
e 13 42 6
e 14 42 6
e 12 42 6
e 36 43 6
e 25 43 6
e 31 43 6
e 12 44 6
e 20 44 6
e 11 44 6
e 31 46 6
e 34 46 6
e 35 46 6
e 13 47 6
e 20 47 6
e 20 48 6
e 17 48 6
e 10 49 6
e 13 49 6
e 31 49 6
e 40 43 6
e 41 43 6
e 25 45 6
e 33 45 6
e 35 45 6
e 38 46 6
e 8 47 6

t # 49 51
v 0 1
v 1 1
v 2 2
v 3 3
v 4 3
v 5 3
v 6 3
v 7 3
v 8 3
v 9 3
v 10 3
v 11 3
v 12 3
v 13 3
v 14 3
v 15 3
v 16 3
v 17 3
v 18 3
v 19 3
v 20 3
v 21 3
v 22 3
v 23 3
v 24 2
v 25 3
v 26 3
v 27 3
v 28 3
v 29 3
v 30 3
v 31 3
v 32 3
v 33 3
v 34 3
v 35 3
v 36 3
v 37 3
v 38 3
v 39 3
v 40 3
v 41 3
v 42 3
v 43 3
v 44 3
v 45 3
v 46 3
v 47 3
v 48 3
v 49 4
v 50 4
e 1 2 1
e 3 2 3
e 4 2 3
e 5 2 3
e 6 2 3
e 7 2 3
e 8 2 3
e 9 2 3
e 10 2 3
e 11 2 3
e 12 2 3
e 13 2 3
e 14 2 3
e 15 2 3
e 16 2 3
e 17 2 3
e 18 2 3
e 19 2 3
e 20 2 3
e 21 2 3
e 22 2 3
e 23 2 4
e 0 24 1
e 25 24 3
e 26 24 3
e 27 24 3
e 28 24 3
e 29 24 3
e 30 24 3
e 31 24 3
e 32 24 3
e 33 24 3
e 34 24 3
e 35 24 3
e 36 24 3
e 37 24 3
e 38 24 3
e 39 24 3
e 40 24 3
e 41 24 3
e 42 24 3
e 43 24 3
e 44 24 3
e 45 24 3
e 46 24 3
e 47 24 3
e 48 24 4
e 0 49 6
e 1 50 6
e 27 49 6
e 28 49 6
e 30 49 6
e 31 49 6
e 36 49 6
e 43 49 6
e 45 49 6
e 33 49 6
e 38 49 6
e 40 49 6
e 42 49 6
e 4 50 6
e 5 50 6
e 10 50 6
e 12 50 6
e 13 50 6
e 14 50 6
e 16 50 6
e 22 50 6
e 46 49 6
e 39 49 6
e 37 49 6
e 17 50 6
e 9 50 6
e 8 50 6
e 38 0 8
e 33 0 8
e 39 0 8
e 25 0 8
e 34 0 8
e 46 0 8
e 44 0 8
e 32 0 8
e 35 0 8
e 45 0 8
e 31 0 8
e 28 0 8
e 42 0 8
e 30 0 8
e 37 0 8
e 47 0 8
e 43 0 8
e 36 0 8
e 41 0 8
e 40 0 8
e 27 0 8
e 29 0 8
e 26 0 8
e 16 1 8
e 8 1 8
e 13 1 8
e 14 1 8
e 19 1 8
e 17 1 8
e 11 1 8
e 5 1 8
e 20 1 8
e 12 1 8
e 7 1 8
e 9 1 8
e 3 1 8
e 4 1 8
e 15 1 8
e 6 1 8
e 21 1 8
e 18 1 8
e 22 1 8
e 10 1 8